0.12048
0.10094
0.10082
0.09973
0.0993
0.09887
0.09817
0.09734
0.09659
0.0958
0.09507
0.09393
0.09328
0.09201
0.09114
0.09001
0.08855
0.08764
0.08666
0.0849
0.08352
0.08225
0.0805
0.07908
0.07762
0.07634
0.07442
0.07283
0.07105
0.06978
0.06795
0.06659
0.06464
0.0627
0.06117
0.05892
0.05703
0.05557
0.05344
0.05199
0.05044
0.04856
0.04639
0.04497
0.04271
0.04108
0.03907
0.0375
0.03529
0.0337
0.03223
0.03023
0.02832
0.02708
0.02486
0.02333
0.02212
0.02053
0.00187
0.019884
0.018486
0.017176
0.015877
0.014539
0.013324
0.012145
0.010979
0.009904
0.00889
0.007942
0.007023
0.006181
0.005406
0.004634
0.003943
0.003304
0.002711
0.002172
0.0018358
0.0014155
0.0010553
0.0007667
0.0005519
0.0003921
0.0003097
0.0002788
0.0003162
0.0004086
0.0005753
0.0007927
0.0010751
0.0014235
0.0018255
0.002287
0.00266
0.003237
0.003846
0.004565
0.005327
0.006151
0.00699
0.007896
0.008859
0.009841
0.010891
0.012006
0.013142
0.0143
0.015513
0.016733
0.01802
0.019452
0.02088
0.02239
0.02394
0.02306
0.02493
0.0267
0.02838
0.02971
0.03178
0.03296
0.03507
0.03686
0.03881
0.04024
0.04175
0.04372
0.045
0.04669
0.04843
0.0494
0.05125
0.05279
0.05431
0.05591
0.05856
0.0603
0.06205
0.0635
0.06452
0.06643
0.06789
0.06955
0.07073
0.07208
0.07369
0.07451
0.07603
0.07711
0.07842
0.07933
0.08069
0.08152
0.0825
0.08343
0.08467
0.08507
0.08573
0.08632
0.08702
0.08848
0.09061
0.0916
0.09071
0.08831
0.08674
0.08605
0.08614
0.08827
0.09306
0.09598
0.09587
0.09653
0.09673
0.0973
0.09709
0.09657
0.09657
0.09681
0.09658
0.0965
0.09612
0.0955
0.09516
0.0938
0.09344
0.09248
0.09149
0.09083
0.08961
0.08843
0.08699
0.08465
0.08115
0.07781
0.07667
0.07707
0.07926
0.08073
0.08062
0.0797
0.07842
0.07711
0.07528
0.07334
0.06826
0.06552
0.06421
0.06356
0.06258
0.06077
0.05845
0.05696
0.05643
0.05567
0.05439
0.05259
0.05055
0.0497
0.04831
0.04644
0.04485
0.04305
0.04144
0.03973
0.0382
0.03628
0.03467
0.03316
0.0313
0.02978
0.02788
0.02639
0.02494
0.02367
0.02148
0.0199
0.02075
0.019194
0.01775
0.0163
0.015052
0.013869
0.012672
0.011578
0.010483
0.009485
0.008534
0.007562
0.006772
0.005922
0.005152
0.004415
0.00376
0.003116
0.002517
0.001993
0.0016613
0.0012787
0.0009503
0.0006964
0.0005097
0.0003742
0.0003039
0.0002781
0.0003276
0.0004347
0.0005995
0.0008139
0.0010915
0.0014464
0.0018015
0.002271
0.002674
0.003308
0.003989
0.004735
0.005519
0.006351
0.007217
0.008158
0.009118
0.010111
0.011174
0.012236
0.013368
0.014575
0.015792
0.017091
0.018524
0.01999
0.02146
0.02298
0.02458
0.02392
0.02553
0.02712
0.02877
0.03044
0.03235
0.03384
0.03556
0.03761
0.03939
0.04114
0.04318
0.04483
0.04645
0.0485
0.05022
0.05196
0.05421
0.05598
0.05743
0.05952
0.06141
0.06296
0.06465
0.06642
0.06814
0.06986
0.07173
0.07316
0.0749
0.07649
0.07775
0.07905
0.08081
0.08241
0.08426
0.08562
0.08688
0.08808
0.0891
0.08994
0.09065
0.09146
0.09273
0.09391
0.09502
0.0962
0.09725
0.09795
0.09887
0.09923
0.09868
0.09959
0.09944
0.09986
0.10016
0.10044
0.10075
0.10143
0.10184
0.1013
0.10133
0.10139
0.10127
0.10132
