0.0095
0.02035
0.02099
0.02166
0.02232
0.02296
0.0236
0.02431
0.02509
0.02253
0.02367
0.02466
0.02575
0.02731
0.02719
0.02843
0.02921
0.03022
0.03102
0.03235
0.03289
0.03374
0.03492
0.03597
0.03656
0.0375
0.03871
0.03895
0.04038
0.04165
0.04221
0.04326
0.04428
0.0446
0.04596
0.04697
0.04737
0.04848
0.04974
0.05081
0.05161
0.05228
0.05375
0.05388
0.05505
0.05628
0.05604
0.05729
0.05795
0.05821
0.05899
0.05989
0.05953
0.06032
0.06101
0.06202
0.062
0.06284
0.06333
0.0636
0.06405
0.06475
0.06487
0.06485
0.06549
0.06516
0.06565
0.06527
0.06593
0.06558
0.06591
0.06596
0.06549
0.06592
0.06565
0.06583
0.06564
0.06597
0.0651
0.06511
0.06512
0.06413
0.06426
0.06413
0.06376
0.06284
0.06278
0.0619
0.06151
0.0612
0.06073
0.05988
0.05932
0.05924
0.0583
0.05782
0.0574
0.05632
0.05621
0.05547
0.05438
0.05407
0.05369
0.0521
0.05186
0.05078
0.05016
0.0487
0.04819
0.04771
0.04591
0.04472
0.04448
0.04263
0.04217
0.04149
0.03992
0.03962
0.03864
0.03806
0.03652
0.03604
0.03514
0.03398
0.03331
0.0326
0.03096
0.03053
0.02964
0.02861
0.02778
0.02641
0.02626
0.02522
0.02458
0.02338
0.02251
0.02131
0.02137
0.01969
0.01941
0.02163
0.02089
0.02022
0.019586
0.018956
0.018369
0.017853
0.017322
0.016806
0.016329
0.015839
0.015431
0.015022
0.014686
0.01439
0.014118
0.013895
0.013674
0.013482
0.01334
0.013215
0.013104
0.013016
0.012968
0.012941
0.01294
0.012971
0.012999
0.013079
0.013234
0.013371
0.013584
0.013796
0.014066
0.014366
0.014716
0.015111
0.015534
0.016011
0.0165
0.016987
0.017546
0.0181
0.01868
0.019263
0.01987
0.0205
0.02114
0.02182
0.02249
0.02318
0.02386
0.02465
0.02219
0.02287
0.02444
0.02487
0.02623
0.02726
0.02776
0.02828
0.02968
0.03001
0.03166
0.03299
0.03333
0.03394
0.03514
0.03636
0.03695
0.03853
0.03949
0.04001
0.04144
0.04244
0.04267
0.04403
0.04514
0.04596
0.04659
0.04809
0.04828
0.04963
0.05061
0.05137
0.05156
0.05332
0.05393
0.05435
0.05591
0.05594
0.05718
0.05755
0.05836
0.05905
0.05957
0.06098
0.06106
0.06126
0.06196
0.06252
0.06251
0.06367
0.06399
0.06379
0.06444
0.06474
0.06507
0.06565
0.06623
0.06626
0.06642
0.06723
0.06692
0.06746
0.06776
0.06765
0.06759
0.06786
0.06751
0.06725
0.06739
0.06661
0.06685
0.06605
0.06625
0.06581
0.06549
0.06557
0.06474
0.06413
0.06375
0.0629
0.06226
0.06238
0.06172
0.06092
0.06042
0.05932
0.05932
0.0584
0.05756
0.05717
0.05602
0.05593
0.05435
0.05396
0.05302
0.05213
0.05124
0.05048
0.04939
0.04856
0.04815
0.04735
0.04615
0.0453
0.04455
0.04353
0.04304
0.04282
0.04141
0.03985
0.03966
0.03873
0.03742
0.03721
0.03633
0.03462
0.03431
0.033
0.03147
0.03122
0.0303
0.02931
0.02802
0.02759
0.02608
0.02565
0.02487
0.02391
0.02266
0.02261
0.02162
0.02044
0.02042
0.00191
0.02173
0.02106
0.0204
0.019757
0.019145
0.018566
0.017985
0.017442
0.016921
0.016456
0.015978
0.015547
0.015136
0.014741
0.0144
0.01404
0.013742
0.013479
0.013264
0.013049
0.012867
0.012733
0.01262
0.012542
0.012509
0.012496
0.012508
0.012568
0.012651
0.012767
0.01294
0.013126
