0.12169
0.11708
0.11666
0.11682
0.11644
0.11601
0.11642
0.11613
0.11621
0.11656
0.11658
0.1169
0.11729
0.11823
0.11903
0.11938
0.12034
0.12063
0.12089
0.12133
0.12178
0.12188
0.12245
0.12166
0.12183
0.12207
0.12184
0.12187
0.12206
0.12199
0.12184
0.12185
0.12198
0.12193
0.12178
0.12209
0.12202
0.12192
0.1226
0.12206
0.12198
0.12208
0.12199
0.12195
0.12201
0.1219
0.12192
0.12198
0.12212
0.12198
0.12203
0.12211
0.12192
0.12185
0.12234
0.12175
0.12164
0.1217
0.12152
0.12152
0.12161
0.12154
0.12147
0.12124
0.12148
0.12123
0.12115
0.12129
0.1208
0.12065
0.12103
0.12051
0.12053
0.12087
0.12082
0.12057
0.12068
0.12072
0.12016
0.12109
0.12143
0.12169
0.12169
0.1223
0.12218
0.12234
0.12282
0.12207
0.12239
0.12261
0.12236
0.12218
0.12232
0.12211
0.12209
0.12231
0.12242
0.12235
0.12231
0.12261
0.12221
0.12228
0.12291
0.12174
0.12235
0.12251
0.12209
0.12216
0.12176
0.12162
0.12174
0.12145
0.12164
0.12129
0.1214
0.12136
0.12098
0.12072
0.12126
0.1207
0.1207
0.12126
0.12132
0.12157
0.12202
0.12197
0.12214
0.12228
0.12255
0.12234
0.12231
0.12226
0.12179
0.12187
0.1222
0.12162
0.12146
0.12178
0.12133
0.12126
0.12154
0.12138
0.12134
0.12175
0.12184
0.1217
0.12086
0.1211
0.12052
0.1203
0.12061
0.11977
0.11967
0.11962
0.11936
0.11929
0.11963
0.11958
0.11954
0.11968
0.11988
0.11994
0.11996
0.12025
0.12016
0.12005
0.12058
0.1198
0.11997
0.12032
0.11992
0.1201
0.1201
0.12006
0.12009
0.12033
0.1207
0.12067
0.12087
0.12126
0.12103
0.12068
0.12085
0.12013
0.11962
0.11981
0.11952
0.11972
0.12002
0.12021
0.12081
0.12089
0.12121
0.12122
0.12117
0.12143
0.12118
0.12063
0.12099
0.12058
0.12014
0.12019
0.12079
0.12076
0.12067
0.12071
0.12075
0.12054
0.12037
0.12018
0.12004
0.12039
0.12024
0.12047
0.12132
0.12124
0.12151
0.12156
0.12192
0.1219
0.12203
0.12157
0.12074
0.12071
0.12118
0.12108
0.1209
0.12115
0.12134
0.12123
0.12171
0.1209
0.12076
0.12081
0.12047
0.12068
0.12037
0.12041
0.12115
0.12115
0.1219
0.12174
0.12181
0.12236
0.12221
0.12212
0.12282
0.12234
0.12222
0.1225
0.12235
0.12226
0.12246
0.1223
0.12228
0.12164
0.12199
0.12173
0.12143
0.12143
0.12132
0.12131
0.12185
0.12148
0.12157
0.12178
0.12195
0.12188
0.12181
0.12202
0.12206
0.12173
0.12228
0.12188
0.1223
0.12268
0.12242
0.12244
0.12297
0.12242
0.12235
0.12253
0.12237
0.12239
0.12254
0.12245
0.12245
0.12242
0.12289
0.12283
0.12251
0.12269
0.12279
0.12244
0.12331
0.12265
0.12255
0.12275
0.12242
0.12231
0.12228
0.12197
0.12184
0.12156
0.12183
0.12155
0.12188
0.1219
0.12179
0.12143
0.12202
0.12159
0.12148
0.12188
0.12183
0.12195
0.12189
0.12218
0.12235
0.12236
0.12267
0.12254
0.12245
0.12291
0.12267
0.12212
0.12305
0.12248
0.12195
0.12232
0.12197
0.1218
0.12206
0.12211
0.12195
0.1224
0.12269
0.12267
0.12277
0.12303
0.12286
0.12239
0.12334
0.12282
0.12278
0.12292
0.12259
0.12254
0.12269
0.12237
0.12237
0.12231
0.12204
0.12202
0.12197
0.12208
0.1215
0.12119
0.12168
0.12096
