0.10765
0.10749
0.10651
0.10734
0.10763
0.10876
0.10994
0.10894
0.1095
0.11065
0.1091
0.11099
0.11209
0.11155
0.11106
0.11158
0.10941
0.11
0.11338
0.11268
0.11263
0.11261
0.11328
0.1119
0.11174
0.11224
0.11059
0.11084
0.11224
0.11177
0.1123
0.11308
0.1128
0.11289
0.11294
0.11309
0.11287
0.11295
0.11345
0.11219
0.11259
0.11362
0.11174
0.11223
0.11258
0.11154
0.1121
0.11285
0.11229
0.11206
0.11182
0.11209
0.11149
0.11149
0.11195
0.11089
0.11097
0.11309
0.112
0.11214
0.11385
0.11306
0.11319
0.11243
0.11214
0.11164
0.11037
0.11011
0.10859
0.10819
0.10835
0.10694
0.10685
0.10821
0.10727
0.10729
0.10745
0.10613
0.10561
0.10647
0.10604
0.10609
0.10609
0.1065
0.10638
0.10683
0.10788
0.10779
0.10843
0.10972
0.10915
0.10917
0.10976
0.10934
0.10914
0.10964
0.10923
0.10913
0.10922
0.10929
0.10856
0.10852
0.10864
0.10759
0.10726
0.10796
0.10699
0.1069
0.1075
0.1072
0.10781
0.10852
0.1084
0.10878
0.10882
0.1089
0.1081
0.10801
0.10806
0.10642
0.10647
0.10745
0.10622
0.10602
0.10619
0.1056
0.1056
0.10571
0.10438
0.1041
0.10351
0.1032
0.10214
0.10214
0.10215
0.10157
0.10209
0.10353
0.10378
0.10467
0.10633
0.10704
0.10715
0.10876
0.10881
0.10873
0.10853
0.10867
0.10798
0.1076
0.10746
0.10569
0.10548
0.10697
0.10565
0.10618
0.10773
0.10726
0.10736
0.10782
0.10765
0.10769
0.1079
0.10778
0.10743
0.10776
0.10867
0.10861
0.10909
0.11055
0.10955
0.11079
0.11211
0.11163
0.11234
0.11291
0.11257
0.11258
0.11266
0.11254
0.11196
0.11172
0.11201
0.11092
0.11129
0.11238
0.11094
0.11071
0.11205
0.11136
0.11164
0.11163
0.11105
0.11111
0.11093
0.11125
0.11079
0.11124
0.11207
0.11106
0.11198
0.11318
0.11294
0.11278
0.11334
0.1124
0.11228
0.11351
0.11308
0.1135
0.11361
0.11416
0.11381
0.11398
0.11447
0.11359
0.11367
0.11417
0.1129
0.11276
0.11286
0.11149
0.11209
0.11266
0.11271
0.11295
0.1137
0.11442
0.11433
0.11468
0.11526
0.11482
0.1154
0.11654
0.11597
0.11605
0.11687
0.11684
0.11661
0.11775
0.11736
0.11757
0.11761
0.11827
0.11813
0.11877
0.11964
0.11987
0.12023
0.12164
0.12109
0.12109
0.12133
0.12043
0.11997
0.1196
0.11863
0.11833
0.1177
0.11789
0.11686
0.11703
0.11753
0.11658
0.11699
0.11733
0.11698
0.11667
0.11712
0.11679
0.11587
0.11699
0.11658
0.11679
0.11652
0.11698
0.11687
0.11694
0.11748
0.11642
0.11741
0.1184
0.11764
0.11757
0.11809
0.11698
0.11648
0.11736
0.1167
0.1164
0.11618
0.11606
0.11503
0.1152
0.11569
0.11538
0.11548
0.11621
0.11501
0.11479
0.11464
0.11278
0.1119
0.11201
0.11117
0.1104
0.11024
0.11011
0.10942
0.10955
0.10978
0.10958
0.1096
0.11124
0.11087
0.11031
0.11165
0.11032
0.11078
0.11091
0.11018
0.10955
0.10858
0.10767
0.10534
0.10467
0.10397
0.10221
0.10139
0.10138
0.09988
0.10043
0.10162
0.10113
0.10157
0.10355
0.10383
0.1045
0.10477
0.10522
0.10454
0.10447
0.10462
0.10358
0.10373
0.10447
0.10369
0.10458
0.10576
0.10608
0.10581
0.10647
0.10723
0.10736
0.1077
0.10787
0.10745
0.10753
0.10814
0.10707
