0.013332
0.000582
0.0005809
0.002199
0.008581
0.017804
0.02519
0.03764
0.051
0.06263
0.07014
0.07518
0.07321
0.07029
0.06079
0.05105
0.03609
0.02247
0.014027
0.005326
0.000829
0.0013523
0.005868
0.01624
0.0236
0.03881
0.05072
0.06309
0.07127
0.07461
0.0727
0.06986
0.06205
0.05115
0.0353
0.02289
0.014212
0.005304
0.0007871
0.0015443
0.006178
0.015219
0.02505
0.03761
0.04989
0.06102
0.06739
0.0692
0.07335
0.07405
0.06597
0.05346
0.0369
0.02282
0.014705
0.00485
0.0005857
0.0015774
0.008511
0.018954
0.02943
0.04194
0.05729
0.06626
0.07554
0.08074
0.07976
0.07188
0.0631
0.0474
0.03412
0.01971
0.01303
0.0006933
0.0007611
0.0007531
0.002503
0.01198
0.02157
0.03243
0.04635
0.05883
0.06845
0.07385
0.07639
0.07411
0.06432
0.05515
0.03892
0.02952
0.015969
0.006624
0.002566
0.0006465
0.00225
0.012555
0.02405
0.03413
0.04657
0.05974
0.06987
0.07437
0.07542
0.07268
0.06526
0.05342
0.04024
0.02736
0.015873
0.008425
0.002237
0.0007839
0.002534
0.012005
0.02261
0.03243
0.04695
0.0591
0.0663
0.07131
0.07649
0.07648
0.06945
0.05825
0.04293
0.02791
0.001633
0.00661
0.00223
0.0008571
0.00607
0.013954
0.02368
0.03909
0.05309
0.06498
0.07522
0.08167
0.08205
0.0754
0.06741
0.05505
0.0377
0.0258
0.013972
0.0001579
0.0014409
0.0004832
0.002094
0.008436
0.016331
0.02502
0.04168
0.05463
0.06449
0.07269
0.07418
0.0755
0.07084
0.05729
0.04344
0.03001
0.01941
0.009591
0.002995
0.000474
0.00226
0.009118
0.02037
0.02952
0.04257
0.05631
0.06739
0.07221
0.07449
0.07413
0.06899
0.05744
0.04523
0.03126
0.01962
0.010271
0.002682
0.0004885
0.0016059
0.009785
0.017723
0.02436
0.04043
0.05588
0.06231
0.06694
0.07606
0.07884
0.07265
0.06177
0.05076
0.03023
0.02014
0.009043
0.002458
0.0005439
0.00192
0.011501
0.02241
0.03487
0.04525
0.06032
0.07156
0.07874
0.08012
0.07491
0.06846
0.05645
0.04142
0.02912
0.001738
0.002147
0.002484
0.0001515
0.0012749
0.006454
0.014967
0.02377
0.03714
0.0496
0.06191
0.06962
0.07575
0.0751
0.06952
0.06041
0.04779
0.03478
0.02167
0.012748
0.004973
0.0007099
0.0014264
0.005191
0.013412
0.02421
0.03792
0.05128
0.06238
0.06948
0.07394
0.07381
0.07028
0.06077
0.04907
0.03554
0.02178
0.012724
0.004752
0.001972
0.0014842
0.005515
0.014774
0.02431
0.03747
0.05076
0.0589
0.06831
0.07773
0.07921
0.0757
0.06586
0.05041
0.03531
0.02236
0.011723
0.003736
0.0005266
0.002049
0.008069
0.018413
0.02918
0.04281
0.05617
0.06855
0.07754
0.0802
0.07778
0.07242
0.06604
0.04471
0.03342
0.02004
0.003863
0.004248
0.002084
0.0006576
0.002526
0.01119
0.02337
0.03404
0.04673
0.06018
0.06827
0.07477
0.07707
0.07302
0.06612
0.05262
0.04057
0.02527
0.001642
0.007305
0.002141
0.0007093
0.004495
0.012865
0.02383
0.03399
0.04706
0.05953
0.0678
0.07442
0.07697
0.07289
0.06625
0.05395
0.04051
0.02693
0.015423
0.007739
0.002462
0.0006803
0.004846
0.012314
0.02347
0.03294
0.04696
0.05571
0.06557
0.0781
0.08159
0.07875
0.07007
0.05709
0.04232
0.02712
0.016347
0.006593
0.0001771
0.0010494
0.005612
0.014894
0.02489
0.03796
0.05154
0.06638
0.0742
0.07974
0.07973
0.07482
0.06463
0.04907
0.03771
0.02329
0.005193
0.005847
0.002547
0.0004222
0.002357
0.008335
0.019355
0.02904
0.0423
0.0556
0.06555
0.07444
0.07597
0.07385
0.06903
0.05588
0.04472
0.03054
0.02044
0.009371
0.002778
0.0004263
0.002389
0.009415
0.019294
0.0248
0.04252
0.05647
0.06544
0.07277
0.0754
0.07359
0.06673
0.05682
0.04427
0.02999
0.02011
0.010643
0.002214
0.0004418
0.002356
0.009207
0.019206
0.02437
0.04265
0.05301
0.06282
0.0742
0.08105
0.08013
0.07169
0.05961
0.04545
0.03055
0.02063
0.009272
0.00251
0.0004583
0.002053
0.009338
0.02069
0.0339
0.0455
0.06075
0.07206
0.07767
0.07969
0.07557
0.06658
0.0532
0.04305
0.02616
0.008223
0.007623
0.004361
0.000696
0.0013693
0.005826
0.015704
0.02374
0.03766
0.05181
0.06129
0.07282
0.07609
0.07523
0.07054
0.06022
0.04936
0.03702
0.02099
0.012427
0.00442
0.000739
0.0013471
0.006188
0.016336
0.02478
0.03747
0.05194
0.06157
0.07184
0.07635
0.07452
0.07067
0.06118
0.04941
0.03505
0.02076
0.011973
0.004015
0.0006177
0.0016736
0.006708
0.015378
0.02465
0.0383
0.04833
0.06235
0.07603
0.08233
0.08181
0.07491
0.06386
0.0497
0.03302
0.02184
0.013799
0.003888
0.0005463
0.002262
0.008511
0.019114
0.0283
0.0445
0.05726
0.06821
0.07646
0.07965
0.07722
0.06897
0.05745
0.04438
0.03214
0.010317
0.011343
0.008084
0.002265
0.0006191
0.004777
0.012682
0.0239
0.03388
0.04793
0.05915
0.0701
0.07435
0.07616
0.07085
0.06172
0.0518
0.0373
0.02542
0.016088
0.0064
0.001911
0.0005881
0.004617
0.012622
0.02402
0.03432
0.04785
0.0591
0.06869
0.07515
0.07548
0.07216
0.06402
0.05251
0.03794
0.02372
0.015757
0.006275
0.0001668
0.0009207
0.004855
0.013037
0.02251
0.03398
0.04528
0.06043
0.07476
0.08201
0.08316
0.07731
0.0696
0.05515
0.03959
0.02538
0.014572
0.005596
0.002279
0.000841
0.006195
0.0152
0.02367
0.03851
0.05308
0.06681
0.07373
0.07938
0.07742
0.06962
0.06197
0.05146
0.03592
0.013909
0.014448
0.008343
0.002425
0.0004646
0.002031
0.009804
0.02026
0.03081
0.04381
0.05642
0.0678
0.07357
0.07518
0.07161
0.06548
0.05593
0.04724
0.03081
0.02005
0.011341
0.0033
0.0004075
0.002198
0.009936
0.02043
0.03073
0.04453
0.05631
0.06743
0.0738
0.07512
0.07298
0.06694
0.05626
0.0446
0.02918
0.001882
0.008711
0.00226
0.0004782
0.002493
0.009513
0.02128
0.02989
0.04145
0.0588
0.07232
0.07879
0.08281
0.0789
0.07048
0.05883
0.04742
0.02918
0.01915
0.008119
0.002338
0.0003775
0.0017432
0.012209
0.023
0.03443
0.05087
0.06282
0.07112
0.07776
0.07736
0.06997
0.0643
0.0537
0.03837
0.016798
0.017477
0.011282
0.004191
0.0005074
0.0017518
0.00719
0.015885
0.02399
0.03923
0.05195
0.06333
0.0718
0.07526
0.07269
0.06781
0.059
0.04883
0.03528
0.02023
0.011806
0.004536
0.0004932
0.001469
0.007543
0.01598
0.02468
0.03829
0.05251
0.06422
0.07264
0.07509
0.07434
0.07258
0.06009
0.04572
0.03246
0.02024
0.011752
0.003409
0.0004687
0.0009978
0.00699
0.017541
0.02536
0.03759
0.05325
0.06865
0.07875
0.08263
0.08149
0.07319
0.06215
0.04921
0.03487
0.01976
0.01103
0.003538
0.0003277
0.0006381
0.009147
0.019734
0.03073
0.04149
0.05791
0.06775
0.07635
0.07728
0.07152
0.06846
0.05772
0.04097
0.0192
0.02102
0.014799
0.006407
0.0001737
0.0006339
0.002287
0.012917
0.02451
0.03401
0.04804
0.0607
0.07034
0.07519
0.07476
0.0717
0.06362
0.05043
0.03901
0.02439
0.001557
0.007869
0.002426
0.0008698
0.005077
0.012015
0.02363
0.03492
0.04928
0.06229
0.07039
0.07524
0.07641
0.07273
0.06371
0.04889
0.03651
0.02372
0.014323
0.005862
0.0008604
0.0009682
0.005179
0.013589
0.02323
0.03316
0.05238
0.06798
0.07895
0.08284
0.08225
0.07717
0.06677
0.05791
0.04072
0.0248
0.015209
0.005858
0.0007989
0.0012396
0.006347
0.015849
0.02479
0.04001
0.04829
0.06586
0.07462
0.0773
0.07334
0.07146
0.06188
0.04674
0.02155
0.02531
0.001795
0.008225
0.00244
0.0003589
0.002427
0.009187
0.019766
0.02903
0.04559
0.05632
0.06822
0.07378
0.07439
0.07339
0.06558
0.05534
0.04461
0.02923
0.01957
0.009819
0.002263
0.0003825
0.002465
0.009902
0.02021
0.0306
0.04409
0.05744
0.06616
0.07395
0.0758
0.07399
0.0664
0.05275
0.04255
0.03153
0.001694
0.007743
0.002421
0.0003851
0.002341
0.010553
0.018695
0.03082
0.04687
0.06272
0.07425
0.08096
0.08237
0.0782
0.06901
0.05755
0.04451
0.03027
0.01977
0.007903
0.00219
0.0004649
0.002146
0.011413
0.02304
0.03594
0.04809
0.05843
0.07124
0.07472
0.07368
0.07344
0.06259
0.04859
0.0236
0.02632
0.02039
0.010334
0.003911
0.0005765
0.0014292
0.007237
0.016639
0.02427
0.04064
0.05288
0.06369
0.06979
0.07435
0.07471
0.06756
0.058
0.04715
0.03277
0.01973
0.012176
0.004184
0.0005317
0.0014393
0.007442
0.016654
0.02489
0.03907
0.05327
0.06245
0.07189
0.07601
0.07467
0.06822
0.05649
0.04652
0.03064
0.0194
0.010741
0.003558
0.0003723
0.0019325
0.007264
0.015721
0.02455
0.04182
0.05718
0.06906
0.07896
0.08208
0.07946
0.07286
0.06084
0.04894
0.03677
0.01954
0.011571
0.003081
0.0003313
0.002121
0.009375
0.02042
0.03068
0.04445
0.0577
0.06555
0.0726
0.07246
0.07479
0.06461
0.05278
0.03102
0.02992
0.02192
0.014083
0.005892
0.001922
0.0007521
0.004636
0.012717
0.02369
0.03437
0.04917
0.06019
0.06842
0.07338
0.07576
0.06888
0.06217
0.05143
0.03724
0.02475
0.015056
0.005858
0.0001842
0.000543
0.00213
0.012646
0.02342
0.03512
0.04968
0.06061
0.06992
0.07509
0.07585
0.0695
0.05946
0.04914
0.03479
0.02188
0.013915
0.005417
0.0007347
0.0005349
0.005278
0.012743
0.02487
0.03754
0.05344
0.06844
0.07742
0.08192
0.0807
0.0751
0.0654
0.05265
0.03863
0.02644
0.013674
0.007134
0.0001456
0.0011201
0.006021
0.015584
0.02273
0.03975
0.05372
0.06454
0.06943
0.07471
0.07641
0.06598
0.05609
0.03468
0.03421
0.02757
0.001795
0.007675
0.00232
0.0004264
0.0019645
0.009709
0.019529
0.0323
0.04509
0.05801
0.06701
0.07378
0.07649
0.07118
0.06681
0.05605
0.04174
0.02799
0.02095
0.008713
0.00231
0.0003594
0.002091
0.009497
0.02081
0.03111
0.04495
0.05735
0.06856
0.07543
0.07621
0.07118
0.06271
0.05744
0.04259
0.02708
0.001812
0.007296
0.002747
0.0003633
0.002432
0.010428
0.02175
0.0355
0.05052
0.06085
0.07491
0.08128
0.08219
0.07761
0.0701
0.05798
0.04274
0.02816
0.001878
0.007839
0.002153
0.0004561
0.002537
0.012825
0.02416
0.03427
0.04881
0.06042
0.06755
0.07526
0.07766
0.06841
0.06018
0.03749
0.03907
0.03125
0.01913
0.011452
0.004075
0.0004993
0.0017483
0.007169
0.016828
0.02861
0.043
0.05489
0.06259
0.07294
0.07714
0.07362
0.07081
0.05979
0.04652
0.03423
0.02058
0.011168
0.00363
0.000942
0.0017014
0.007804
0.017472
0.02481
0.04046
0.05279
0.06573
0.07452
0.07747
0.07316
0.06676
0.05823
0.04718
0.03202
0.01944
0.012226
0.003129
0.0004282
0.0018692
0.007391
0.016378
0.03206
0.04795
0.0622
0.07394
0.08116
0.08304
0.08176
0.07333
0.06282
0.04904
0.03366
0.01931
0.010301
0.002795
0.0003844
0.00247
0.009763
0.02057
0.0313
0.04613
0.05824
0.06595
0.07636
0.07747
0.07042
0.06447
0.04343
0.0432
0.03554
0.02446
0.014154
0.005546
0.0001811
0.0008377
0.004779
0.014473
0.02388
0.03741
0.0513
0.06221
0.07155
0.07559
0.07428
0.07335
0.06284
0.051
0.03961
0.02561
0.014216
0.006546
0.002886
0.0007809
0.005594
0.012978
0.02478
0.03732
0.05115
0.06313
0.07198
0.07575
0.07312
0.06912
0.06139
0.04744
0.03455
0.02081
0.013116
0.004725
0.0007844
0.0010505
0.005467
0.015022
0.02435
0.04236
0.05124
0.06906
0.0779
0.08206
0.08195
0.07608
0.06666
0.05421
0.03709
0.02081
0.015153
0.005041
0.0005191
0.0015233
0.007166
0.017109
0.02401
0.04088
0.05377
0.06179
0.07206
0.07646
0.07051
0.06648
0.04615
0.04617
0.0394
0.02743
0.017282
0.008042
0.001965
0.0003502
0.00247
0.010905
0.018671
0.03178
0.0454
0.05711
0.06875
0.07368
0.07512
0.07486
0.06508
0.05452
0.04311
0.02875
0.02049
0.008863
0.002414
0.0003827
0.0019794
0.00882
0.02082
0.03186
0.04522
0.05768
0.06835
0.07429
0.07292
0.07099
0.0637
0.05221
0.03972
0.02433
0.001879
0.007188
0.002114
0.0003578
0.002452
0.011807
0.02411
0.03628
0.05125
0.06459
0.07531
0.08079
0.08181
0.07786
0.06979
0.05781
0.04527
0.02872
0.001869
0.007273
0.00195
0.0004575
0.004765
0.012625
0.02231
0.03613
0.04833
0.05823
0.06891
0.07373
0.07076
0.0693
0.05153
0.052
0.04276
0.03176
0.01969
0.011611
0.003279
0.000363
0.0017025
0.008208
0.015039
0.02422
0.04141
0.05194
0.0655
0.07203
0.07583
0.0766
0.06882
0.05947
0.04978
0.03384
0.01999
0.011392
0.003802
0.0005194
0.0016276
0.008138
0.018233
0.0246
0.04104
0.05428
0.06522
0.07251
0.07278
0.07314
0.06672
0.05605
0.04379
0.0302
0.02048
0.009607
0.002945
0.0003281
0.002025
0.009568
0.02011
0.03106
0.04771
0.06124
0.07194
0.07938
0.08209
0.07971
0.07339
0.06219
0.04789
0.03335
0.01938
0.009258
0.002637
0.0003302
0.002217
0.00846
0.019567
0.02538
0.04385
0.05585
0.06887
0.07225
0.07048
0.07072
0.05299
0.05473
0.04714
0.03643
0.02242
0.013598
0.005862
0.00199
0.0009396
0.005228
0.013728
0.02383
0.03539
0.04912
0.06225
0.06934
0.07625
0.07669
0.07018
0.06245
0.05208
0.03744
0.02349
0.014788
0.005838
0.0001783
0.0008308
0.00482
0.013629
0.02446
0.03595
0.04972
0.06292
0.06936
0.07178
0.0739
0.06775
0.0583
0.04666
0.03341
0.02193
0.013286
0.004532
0.002051
0.0010401
0.006879
0.015593
0.02515
0.0426
0.05546
0.06902
0.0773
0.08144
0.08081
0.07546
0.06475
0.05148
0.03712
0.02244
0.012836
0.006286
0.0007597
0.0013231
0.007355
0.017339
0.02421
0.03896
0.05219
0.06491
0.06943
0.06982
0.072
0.05737
0.05763
0.05088
0.04179
0.02804
0.01685
0.007499
0.002813
0.0004479
0.00232
0.010249
0.02216
0.03036
0.0454
0.05547
0.06634
0.07495
0.07715
0.07207
0.06656
0.05671
0.04278
0.02876
0.01948
0.009168
0.002005
0.000438
0.002164
0.010533
0.019257
0.03261
0.04606
0.05797
0.06666
0.07104
0.07416
0.06993
0.06207
0.05099
0.03849
0.02476
0.001761
0.006522
0.002259
0.0006043
0.002128
0.01336
0.02375
0.03723
0.05113
0.06539
0.07532
0.08027
0.08168
0.07771
0.06812
0.05645
0.04481
0.03067
0.0167
0.006944
0.002411
0.0006463
0.002481
0.013671
0.02477
0.0338
0.04807
0.06126
0.06615
0.07033
0.0717
0.06191
0.06124
0.05482
0.04462
0.03163
0.02044
0.01224
0.002974
0.0003446
0.002183
0.008384
0.01826
0.02523
0.04103
0.05515
0.06414
0.07396
0.07664
0.07378
0.06931
0.0597
0.04584
0.03225
0.01911
0.011054
0.003637
0.0004687
0.0018914
0.008275
0.018166
0.02783
0.03801
0.05588
0.06386
0.07058
0.07428
0.07089
0.06452
0.05415
0.04296
0.02952
0.01968
0.009625
0.002974
0.0003177
0.002139
0.007601
0.02108
0.0336
0.04359
0.06068
0.07164
0.07889
0.08204
0.07957
0.07145
0.05993
0.04622
0.03159
0.01952
0.009102
0.002313
0.0004353
0.002037
0.010684
0.02142
0.03154
0.04627
0.05769
0.06347
0.06999
0.07146
0.06289
0.06286
0.05886
0.04979
0.03587
0.02617
0.013745
0.005388
0.0007468
0.0011743
0.005727
0.014766
0.0246
0.03723
0.04889
0.06197
0.07377
0.07588
0.07509
0.07331
0.0643
0.05099
0.03751
0.02388
0.016406
0.005127
0.0001624
0.0009309
0.005336
0.015296
0.02415
0.03891
0.05172
0.06093
0.06906
0.07396
0.07268
0.06759
0.05687
0.04706
0.03401
0.02157
0.012438
0.005306
0.0006136
0.0014165
0.006874
0.017099
0.02459
0.04048
0.05744
0.06933
0.07759
0.08252
0.08222
0.07491
0.06459
0.05274
0.0357
0.02188
0.012761
0.004751
0.0007283
0.0014748
0.007937
0.016842
0.02309
0.04171
0.05393
0.06106
0.06931
0.07207
0.06691
0.06618
0.06277
0.05393
0.04032
0.02622
0.001781
0.007392
0.002345
0.0005107
0.002178
0.010664
0.02275
0.03389
0.04692
0.05836
0.07133
0.07538
0.07637
0.07621
0.06774
0.0552
0.04182
0.0278
0.001837
0.00794
0.001982
0.0005304
0.002241
0.011737
0.02314
0.03425
0.04753
0.05798
0.0677
0.07402
0.07376
0.07042
0.0617
0.05184
0.03824
0.02567
0.01543
0.006094
0.002227
0.0003844
0.00248
0.014404
0.02495
0.03603
0.0524
0.06579
0.07594
0.08288
0.08388
0.0786
0.06979
0.05702
0.04156
0.02642
0.015743
0.006167
0.001946
0.0006794
0.00484
0.013055
0.025
0.03652
0.04972
0.0588
0.06856
0.07082
0.06727
0.06833
0.06692
0.05755
0.04888
0.03139
0.02048
0.010546
0.003468
0.0003415
0.002193
0.00828
0.018288
0.02979
0.04142
0.05506
0.06833
0.07377
0.0775
0.07829
0.07148
0.05922
0.04625
0.03243
0.02057
0.010334
0.003205
0.0004282
0.0019316
0.008554
0.018671
0.02431
0.04194
0.05309
0.06503
0.07256
0.07433
0.07217
0.06458
0.05595
0.04258
0.02981
0.01934
0.00971
0.002499
0.0003376
0.002165
0.009991
0.02108
0.0344
0.04937
0.06151
0.0743
0.08204
0.08418
0.08053
0.07367
0.0619
0.04601
0.03124
0.02103
0.009805
0.002527
0.0003267
0.00212
0.010464
0.02088
0.03225
0.04439
0.05381
0.06552
0.07007
0.07021
0.07103
0.06868
0.06107
0.04904
0.03582
0.0219
0.013067
0.004955
0.0001822
0.0009743
0.006277
0.014064
0.02451
0.03778
0.05181
0.06492
0.07145
0.07743
0.07912
0.07254
0.06224
0.05021
0.03652
0.02207
0.013777
0.005191
0.000146
0.0007649
0.006329
0.015735
0.02462
0.03774
0.04986
0.06245
0.07
0.07325
0.07214
0.06666
0.05823
0.04659
0.03392
0.01962
0.011751
0.004375
0.0005483
0.001412
0.007004
0.015755
0.02927
0.04218
0.05727
0.06985
0.07987
0.08317
0.08147
0.07546
0.06417
0.04908
0.03507
0.02131
0.012918
0.0044
0.0005295
0.001441
0.006813
0.017804
0.02794
0.03989
0.05105
0.06228
0.06767
0.06988
0.07207
0.07225
0.06552
0.05388
0.0407
0.02684
0.016644
0.009455
0.002057
0.0003589
0.002427
0.011017
0.0238
0.0342
0.04955
0.0619
0.07044
0.07701
0.08082
0.07613
0.06701
0.05619
0.04288
0.02865
0.016646
0.007142
0.002018
0.0005406
0.002012
0.012521
0.02238
0.03258
0.0468
0.06004
0.06771
0.07354
0.07367
0.0699
0.06259
0.0517
0.03829
0.02607
0.015983
0.008317
0.002033
0.0008062
0.002295
0.014258
0.02505
0.03916
0.05387
0.06706
0.07797
0.08322
0.08312
0.07847
0.06845
0.05835
0.04117
0.02854
0.001664
0.006174
0.002002
0.0005659
0.002234
0.013242
0.02409
0.03511
0.04716
0.05961
0.06685
0.07232
0.07355
0.07341
0.06832
0.05782
0.04489
0.03059
0.02086
0.010975
0.003257
0.0003081
0.0019445
0.008765
0.019386
0.02819
0.04314
0.05755
0.06696
0.07601
0.08006
0.07593
0.06878
0.05885
0.04568
0.03101
0.01924
0.010602
0.003261
0.0002867
0.002496
0.006957
0.019186
0.02823
0.04166
0.05558
0.06487
0.0714
0.07297
0.07153
0.06767
0.05491
0.04123
0.02801
0.001891
0.009549
0.002461
0.0002987
0.002485
0.010689
0.02235
0.03316
0.05008
0.06257
0.07456
0.0811
0.0835
0.0812
0.07193
0.05915
0.04654
0.0304
0.01991
0.008617
0.00355
0.0002639
0.002275
0.011232
0.0223
0.03027
0.04339
0.05495
0.06393
0.07253
0.07419
0.07509
0.07105
0.06021
0.0528
0.03566
0.02197
0.01351
0.005003
0.0001449
0.0010184
0.005934
0.016422
0.02334
0.03961
0.05119
0.06358
0.07518
0.07922
0.07769
0.07171
0.06311
0.05245
0.03454
0.02141
0.015355
0.006362
0.0006648
0.0010829
0.00615
0.013965
0.02503
0.03839
0.05207
0.06221
0.07073
0.07244
0.07324
0.06833
0.05824
0.04439
0.03199
0.02141
0.012677
0.00532
0.0003728
0.0019521
0.009394
0.019148
0.02524
0.04451
0.05955
0.0719
0.0789
0.0835
0.08251
0.07457
0.06267
0.05019
0.03592
0.02109
0.012435
0.004155
0.0003656
0.0018769
0.007965
0.017691
0.02502
0.03928
0.05227
0.06126
0.07424
0.07578
0.0775
0.07447
0.06499
0.05538
0.04099
0.02821
0.001861
0.00759
0.002126
0.0004326
0.002438
0.012199
0.0232
0.03736
0.04998
0.06282
0.0754
0.08027
0.08012
0.07618
0.06819
0.05629
0.04168
0.02964
0.02021
0.008257
0.001955
0.0006033
0.002347
0.012248
0.02304
0.03458
0.04807
0.05871
0.07014
0.07396
0.07589
0.0704
0.06328
0.04865
0.03818
0.02711
0.001805
0.007348
0.002401
0.0006916
0.005448
0.014922
0.02404
0.0398
0.05534
0.06905
0.07894
0.08519
0.08559
0.07809
0.06799
0.05703
0.04286
0.0272
0.015077
0.006113
0.001931
0.0007421
0.005748
0.014028
0.02388
0.03688
0.04866
0.06125
0.07574
0.07625
0.07835
0.07627
0.06841
0.05881
0.04387
0.03191
0.01965
0.010163
0.002818
0.0002802
0.002412
0.009686
0.018962
0.03185
0.04489
0.05905
0.07254
0.0789
0.08025
0.07815
0.07108
0.06169
0.04615
0.03215
0.02048
0.009553
0.002795
0.0002978
0.002032
0.009249
0.018782
0.02918
0.04257
0.05697
0.06665
0.07233
0.07612
0.07235
0.06652
0.052
0.04373
0.03077
0.0192
0.009155
0.002797
0.0002922
0.002132
0.011334
0.02261
0.03204
0.05153
0.06554
0.07642
0.08232
0.08575
0.07962
0.0718
0.06065
0.04669
0.03298
0.02026
0.008928
0.0022
0.0002973
0.002185
0.010485
0.02135
0.03136
0.04363
0.05557
0.07513
0.07468
0.07829
0.07766
0.07112
0.06264
0.04972
0.03752
0.02372
0.013843
0.004396
0.0001032
0.0013331
0.006346
0.016787
0.02898
0.03992
0.05429
0.06811
0.07644
0.07877
0.0794
0.07278
0.06244
0.04883
0.03562
0.0242
0.012728
0.004793
0.0006746
0.001123
0.006042
0.015048
0.02462
0.03953
0.05195
0.06422
0.07061
0.07532
0.07419
0.06844
0.05952
0.04955
0.03697
0.02345
0.013595
0.004705
0.0004031
0.0018582
0.007684
0.019816
0.03087
0.04633
0.0604
0.07282
0.08247
0.08535
0.08154
0.0754
0.06598
0.05059
0.03943
0.02341
0.011988
0.003667
0.0004053
0.002231
0.008303
0.015892
0.02467
0.03935
0.05342
0.07213
0.07269
0.07625
0.07677
0.07312
0.06483
0.05303
0.04613
0.02717
0.001757
0.007217
0.002119
0.0003638
0.002359
0.013228
0.02342
0.03476
0.04934
0.06355
0.07235
0.07715
0.07894
0.07533
0.06579
0.05341
0.03975
0.02672
0.001812
0.007197
0.002119
0.0004897
0.004655
0.012904
0.02323
0.03371
0.04848
0.05952
0.0686
0.0734
0.07456
0.06938
0.05963
0.05207
0.04184
0.02832
0.001791
0.006999
0.0001696
0.0009337
0.005471
0.014554
0.02388
0.04169
0.05619
0.06898
0.07905
0.08317
0.08173
0.07726
0.06602
0.05575
0.04024
0.02613
0.014788
0.005368
0.0001513
0.0008923
0.005114
0.013256
0.02485
0.03552
0.04805
0.07021
0.07062
0.07583
0.07792
0.07632
0.06912
0.05892
0.04644
0.03383
0.02214
0.010273
0.00241
0.0004118
0.002244
0.0101
0.02074
0.03097
0.04555
0.06113
0.06847
0.07538
0.08008
0.07678
0.06814
0.05783
0.04551
0.0314
0.01943
0.009619
0.002616
0.0003503
0.002433
0.009998
0.02101
0.03125
0.04125
0.05516
0.06706
0.07301
0.07607
0.07114
0.06301
0.05918
0.04645
0.03144
0.02082
0.009696
0.002395
0.0003613
0.00202
0.012489
0.02468
0.03629
0.05111
0.06465
0.07684
0.0826
0.08199
0.07998
0.07311
0.06074
0.04532
0.03139
0.01924
0.008182
0.002065
0.000502
0.002077
0.010434
0.02083
0.03154
0.043
0.06987
0.06828
0.07439
0.07695
0.07733
0.0702
0.06249
0.05
0.03604
0.02198
0.012615
0.004274
0.0001479
0.001357
0.007606
0.017221
0.02402
0.04197
0.05557
0.06672
0.07481
0.07947
0.07824
0.07109
0.06179
0.0535
0.03726
0.02256
0.013346
0.005802
0.0005193
0.0012883
0.007028
0.016764
0.02383
0.03996
0.05264
0.0624
0.07085
0.07537
0.07165
0.06739
0.06323
0.05104
0.0367
0.02265
0.012866
0.004202
0.0003051
0.0017604
0.007747
0.02003
0.03114
0.04588
0.06065
0.07324
0.08045
0.08257
0.08145
0.07679
0.06364
0.04922
0.03511
0.02009
0.01111
0.003042
0.0003096
0.0016986
0.008246
0.01751
0.02498
0.04033
0.06572
0.06578
0.07129
0.07541
0.07833
0.07261
0.06609
0.05367
0.04117
0.02708
0.015551
0.006353
0.002308
0.0006742
0.005087
0.013327
0.02496
0.03709
0.0512
0.06385
0.07317
0.07815
0.0787
0.07273
0.06529
0.05524
0.03991
0.02592
0.016273
0.006905
0.002413
0.0005043
0.00239
0.013623
0.02514
0.03196
0.04752
0.06027
0.06836
0.07503
0.071
0.0692
0.06635
0.05631
0.04208
0.02649
0.015912
0.005932
0.0001709
0.0008749
0.002399
0.016169
0.02358
0.04095
0.05586
0.06941
0.07745
0.08176
0.08248
0.07858
0.06609
0.05449
0.03991
0.02432
0.014079
0.005513
0.0006056
0.0006151
0.005885
0.014201
0.02405
0.03514
0.06318
0.06254
0.06849
0.07428
0.07846
0.07405
0.06925
0.05783
0.04447
0.03006
0.01992
0.009484
0.002404
0.000219
0.002115
0.009405
0.019864
0.03227
0.04412
0.05751
0.06986
0.07637
0.07886
0.07429
0.06804
0.05829
0.04457
0.03046
0.01946
0.0098
0.002755
0.000271
0.0018683
0.010169
0.02087
0.03055
0.04342
0.05748
0.06673
0.0733
0.07162
0.07137
0.07023
0.06137
0.04799
0.03242
0.01959
0.008383
0.00202
0.0002754
0.002189
0.012766
0.02521
0.03543
0.05114
0.06493
0.07505
0.08049
0.0834
0.07936
0.06963
0.05787
0.04833
0.02722
0.001808
0.008601
0.001978
0.0002353
0.002285
0.011751
0.02227
0.03059
0.05824
0.05941
0.06572
0.07345
0.07841
0.07564
0.07206
0.0632
0.04972
0.03615
0.02203
0.013321
0.004464
0.0003505
0.0012429
0.006071
0.016624
0.0247
0.04193
0.05619
0.06779
0.07569
0.07848
0.07606
0.07193
0.06342
0.04963
0.03596
0.02203
0.012975
0.004525
0.0005358
0.0014932
0.00685
0.016425
0.02507
0.04074
0.05378
0.06493
0.07212
0.0716
0.07343
0.07507
0.06661
0.05397
0.03831
0.02593
0.012829
0.003985
0.0003309
0.0019943
0.009559
0.02102
0.03239
0.04753
0.05979
0.07002
0.08046
0.08394
0.08189
0.07344
0.06271
0.04789
0.03509
0.01962
0.010378
0.003476
0.0003985
0.002093
0.007894
0.017764
0.02449
0.05589
0.05476
0.06231
0.07114
0.07677
0.07763
0.07491
0.06623
0.05489
0.04088
0.02646
0.015631
0.005919
0.001912
0.0006667
0.004643
0.012674
0.02501
0.03765
0.04989
0.06303
0.07254
0.07711
0.07688
0.07425
0.06686
0.05462
0.03971
0.02594
0.016009
0.006667
0.002109
0.0006118
0.00248
0.012827
0.02383
0.03606
0.04796
0.05858
0.06869
0.07164
0.07728
0.07795
0.07052
0.05798
0.04307
0.02706
0.0151
0.005575
0.0001504
0.0010271
0.005958
0.01583
0.02491
0.04136
0.05608
0.0671
0.07721
0.08335
0.08257
0.07642
0.06924
0.05328
0.03746
0.0239
0.013648
0.004631
0.0006356
0.0007999
0.005242
0.013844
0.02507
0.05091
0.05034
0.05863
0.06949
0.07533
0.07827
0.07692
0.06906
0.05845
0.04391
0.03018
0.0208
0.00944
0.003312
0.0002298
0.002194
0.009757
0.02231
0.03258
0.04653
0.0597
0.06917
0.07542
0.07736
0.0765
0.07047
0.05876
0.04589
0.03192
0.02011
0.009047
0.002344
0.0002837
0.002122
0.010495
0.02055
0.03053
0.04425
0.05776
0.06494
0.07023
0.07805
0.08042
0.07467
0.06136
0.04826
0.03041
0.02004
0.010964
0.00255
0.0003083
0.002306
0.013124
0.0253
0.03632
0.04973
0.06264
0.07476
0.08236
0.08349
0.0781
0.07131
0.05787
0.03998
0.02879
0.001766
0.007999
0.00202
0.0002808
0.002092
0.00996
0.02137
0.0471
0.04599
0.05336
0.06607
0.07334
0.0788
0.07783
0.07214
0.06251
0.04847
0.03488
0.02151
0.011941
0.004991
0.000505
0.0013928
0.007752
0.017329
0.02472
0.04098
0.05482
0.0656
0.07357
0.07749
0.07815
0.07317
0.06261
0.05024
0.03658
0.02242
0.011364
0.003644
0.0003738
0.0019414
0.007561
0.016637
0.02509
0.03902
0.05426
0.06233
0.07019
0.07914
0.0822
0.07747
0.06605
0.05133
0.03379
0.02071
0.012041
0.003882
0.0002998
0.00253
0.009098
0.019828
0.03281
0.04511
0.05976
0.0724
0.08068
0.08291
0.07984
0.07352
0.06052
0.0448
0.03376
0.01973
0.009193
0.002499
0.0004706
0.0014638
0.008366
0.018377
0.04319
0.04324
0.04667
0.06122
0.06921
0.0767
0.07748
0.073
0.06492
0.05255
0.03947
0.0259
0.01359
0.005889
0.0001785
0.0006318
0.002472
0.013728
0.02483
0.03663
0.04992
0.06181
0.06967
0.07598
0.07754
0.07386
0.06515
0.05359
0.03834
0.02594
0.014404
0.005814
0.0001826
0.0006943
0.00559
0.015114
0.02413
0.03523
0.04879
0.0567
0.0669
0.0791
0.08295
0.07932
0.07298
0.05637
0.041
0.02585
0.015692
0.007115
0.0001511
0.0009417
0.005838
0.016906
0.02468
0.04088
0.0551
0.06775
0.07776
0.08125
0.08029
0.07538
0.06727
0.0493
0.03642
0.02164
0.012623
0.004631
0.0007373
0.0009614
0.00598
0.01417
0.03328
0.03663
0.04547
0.05911
0.0683
0.07759
0.07869
0.07698
0.06877
0.05699
0.04486
0.03039
0.02203
0.008678
0.002068
0.0002905
0.002208
0.01105
0.02214
0.03332
0.04775
0.06005
0.06841
0.07546
0.07908
0.0763
0.06948
0.05892
0.04445
0.03008
0.01971
0.008831
0.002094
0.0003656
0.0024
0.010654
0.02178
0.03153
0.04582
0.05547
0.06806
0.08003
0.08473
0.08255
0.07421
0.06135
0.04635
0.02957
0.01945
0.010348
0.001973
0.0004464
0.0016013
0.01231
0.02468
0.03763
0.05223
0.06456
0.07642
0.08101
0.08214
0.07739
0.06746
0.05391
0.04312
0.0273
0.015009
0.007357
0.002012
0.0005043
0.002039
0.010414
0.03422
0.03308
0.04133
0.0553
0.06493
0.07584
0.0786
0.07781
0.07071
0.06055
0.04867
0.03383
0.02126
0.014504
0.004836
0.0003285
0.0016249
0.008392
0.018382
0.02843
0.04271
0.05336
0.06475
0.07442
0.07932
0.07742
0.07202
0.06228
0.04967
0.03455
0.0199
0.011738
0.003095
0.0003012
0.0019259
0.007467
0.017565
0.02422
0.04197
0.05114
0.06588
0.07945
0.08439
0.08426
0.07621
0.06578
0.0495
0.03403
0.02043
0.01138
0.003542
0.0002673
0.0016816
0.009582
0.02107
0.03243
0.04725
0.06219
0.07331
0.07896
0.08242
0.07917
0.06958
0.05751
0.04666
0.03102
0.01915
0.009348
0.002538
0.000298
0.002227
0.008519
0.0240
0.02891
0.03697
0.05141
0.06254
0.07357
0.078
0.07882
0.0728
0.06463
0.05234
0.03553
0.02585
0.014582
0.005285
0.0005764
0.0007355
0.004993
0.013568
0.02401
0.03732
0.05039
0.0619
0.07204
0.07877
0.07818
0.07358
0.06484
0.05389
0.03855
0.02588
0.013874
0.00527
0.0007587
0.0007551
0.005773
0.014382
0.02217
0.03745
0.0468
0.06323
0.07763
0.08482
0.08528
0.07923
0.06861
0.05468
0.03966
0.02476
0.014438
0.005144
0.0007181
0.0010523
0.007383
0.017565
0.02495
0.04216
0.05561
0.06935
0.07524
0.08241
0.08013
0.07204
0.06296
0.0533
0.03757
0.02021
0.012209
0.004451
0.0006331
0.0010569
0.006649
0.02466
0.02576
0.03218
0.04413
0.0601
0.07065
0.07701
0.07931
0.07477
0.06798
0.05717
0.04252
0.03017
0.02011
0.008351
0.002721
0.0003444
0.002343
0.011182
0.02272
0.03314
0.04575
0.0592
0.07023
0.07758
0.07888
0.07603
0.0688
0.05746
0.04699
0.03062
0.001816
0.008163
0.002397
0.0004114
0.002288
0.00952
0.02123
0.03235
0.04078
0.06184
0.07578
0.08417
0.08642
0.08246
0.07241
0.05946
0.04483
0.03002
0.01983
0.007354
0.002494
0.000397
0.002076
0.013779
0.02514
0.03705
0.05274
0.06538
0.07399
0.08135
0.0807
0.07288
0.06595
0.05589
0.03984
0.02581
0.015026
0.006047
0.001945
0.0005101
0.002232
0.02339
0.01922
0.02419
0.04104
0.05696
0.06767
0.07546
0.07865
0.07576
0.07082
0.06127
0.04744
0.03535
0.02076
0.01095
0.003516
0.0003087
0.001756
0.007606
0.017663
0.0251
0.04118
0.05414
0.06661
0.0755
0.07843
0.07742
0.07192
0.06135
0.04652
0.03272
0.02324
0.009715
0.002834
0.0002463
0.0015473
0.007689
0.018817
0.02511
0.041
0.05514
0.07258
0.08251
0.08599
0.08328
0.07556
0.06388
0.05
0.0343
0.02061
0.010356
0.002631
0.0002164
0.002434
0.009199
0.019896
0.03115
0.048
0.0607
0.07105
0.07938
0.08013
0.07484
0.06934
0.05798
0.04158
0.03191
0.01958
0.009273
0.003416
0.0002476
0.002107
0.019523
0.0177
0.02485
0.03707
0.05248
0.06454
0.07329
0.07837
0.07729
0.07423
0.06529
0.05201
0.04025
0.02598
0.014086
0.006043
0.0007667
0.0009885
0.004674
0.014098
0.02384
0.0377
0.05127
0.0644
0.07372
0.07806
0.07899
0.07446
0.06378
0.05045
0.03745
0.02357
0.013121
0.005147
0.0006921
0.0007536
0.006153
0.014704
0.02511
0.0369
0.0536
0.06869
0.08055
0.08606
0.08481
0.07869
0.06822
0.05524
0.03868
0.02598
0.013566
0.004624
0.0006405
0.0015825
0.006913
0.016145
0.02918
0.04445
0.05983
0.06849
0.07689
0.0799
0.07474
0.07326
0.06217
0.0466
0.03448
0.02103
0.012604
0.004104
0.0005458
0.0011357
0.01597
0.014104
0.02232
0.03152
0.04645
0.06051
0.06981
0.07623
0.0767
0.07484
0.06722
0.05557
0.04433
0.02915
0.001791
0.008112
0.002275
0.0003224
0.002015
0.01058
0.019968
0.03294
0.0455
0.05994
0.06783
0.07548
0.07838
0.07574
0.06728
0.0528
0.04062
0.02658
0.016331
0.006906
0.001954
0.001786
0.002507
0.011601
0.0213
0.03199
0.04909
0.0615
0.07767
0.08412
0.08509
0.08017
0.07091
0.05764
0.04358
0.02903
0.001901
0.006691
0.002032
0.00178
0.002414
0.013215
0.02526
0.03864
0.05022
0.06469
0.07414
0.07757
0.07571
0.07477
0.06323
0.05109
0.03957
0.02451
0.001783
0.006196
0.002153
0.0003821
0.012195
0.011163
0.018351
0.02503
0.03929
0.05703
0.06783
0.07489
0.077
0.07687
0.06859
0.05937
0.04856
0.03197
0.01927
0.009716
0.003084
0.0002691
0.002272
0.008506
0.018366
0.02513
0.04188
0.05722
0.06788
0.07575
0.07889
0.07672
0.06861
0.0566
0.04447
0.03158
0.02006
0.009434
0.002729
0.0002684
0.002084
0.009139
0.018372
0.02506
0.04591
0.06163
0.0749
0.0825
0.08486
0.08201
0.0742
0.06461
0.04726
0.03288
0.02039
0.009907
0.002515
0.00026
0.002525
0.01012
0.02117
0.03252
0.04663
0.0606
0.07113
0.07527
0.07644
0.07646
0.06573
0.05246
0.04215
0.02785
0.01935
0.009008
0.002571
0.0002639
0.00876
0.008537
0.014986
0.02518
0.03799
0.05273
0.06464
0.07093
0.07641
0.07811
0.07084
0.06374
0.05195
0.03712
0.02429
0.01444
0.005402
0.0001541
0.00178
0.006318
0.015628
0.02433
0.03705
0.05196
0.0637
0.07236
0.07776
0.07792
0.07062
0.05998
0.05097
0.03503
0.02294
0.012993
0.004051
0.000398
0.001858
0.006098
0.01311
0.02476
0.04316
0.05398
0.07155
0.08056
0.08435
0.08291
0.07701
0.06541
0.05193
0.04118
0.02703
0.013514
0.00466
0.00041
0.0012281
0.007424
0.017451
0.02938
0.04363
0.05835
0.06811
0.0728
0.07753
0.07649
0.0686
0.05632
0.04667
0.03121
0.02033
0.013173
0.004466
0.0003293
0.007216
0.005952
0.012147
0.02198
0.03497
0.0487
0.06155
0.07062
0.07711
0.07895
0.07308
0.06775
0.05636
0.04131
0.02874
0.01935
0.008236
0.002518
0.0003853
0.002456
0.012127
0.02281
0.03409
0.04888
0.06079
0.07094
0.07773
0.07896
0.07357
0.06451
0.05466
0.04029
0.02653
0.015346
0.006192
0.001938
0.000454
0.002311
0.009017
0.02336
0.03672
0.05535
0.06821
0.07886
0.08379
0.08482
0.07959
0.06993
0.05698
0.04439
0.03086
0.02081
0.007058
0.002219
0.001779
0.005067
0.013639
0.02448
0.03741
0.05458
0.06536
0.07073
0.07771
0.07979
0.07002
0.06113
0.05036
0.03667
0.02419
0.014775
0.006256
0.002106
0.004848
0.004391
0.007932
0.019504
0.03008
0.04408
0.0575
0.06699
0.07532
0.07893
0.07507
0.07165
0.06233
0.04635
0.03376
0.01987
0.010042
0.00287
0.0003925
0.0011305
0.008916
0.017287
0.02414
0.04328
0.05631
0.06818
0.07425
0.07885
0.07414
0.06806
0.05809
0.04429
0.03013
0.02059
0.008944
0.003563
0.0001927
0.002203
0.00918
0.02102
0.03364
0.0455
0.06408
0.07448
0.08275
0.08455
0.0817
0.0759
0.06228
0.0482
0.03463
0.02029
0.012823
0.002148
0.0002757
0.002168
0.009826
0.02248
0.03302
0.04809
0.06046
0.06745
0.07745
0.07874
0.07143
0.06493
0.05463
0.04246
0.02834
0.001877
0.009254
0.002397
0.002327
0.002659
0.005632
0.0151
0.02406
0.0381
0.05317
0.06419
0.0712
0.07795
0.07604
0.0738
0.06177
0.05085
0.03811
0.02653
0.014267
0.005509
0.0005383
0.0011436
0.006103
0.01532
0.02401
0.03901
0.05293
0.06549
0.0742
0.07805
0.07419
0.06967
0.06065
0.04713
0.03404
0.0204
0.01274
0.004474
0.0003707
0.0017602
0.006706
0.017209
0.02494
0.0437
0.05848
0.07221
0.08073
0.08446
0.08354
0.07653
0.06625
0.05273
0.03782
0.0233
0.01346
0.004392
0.0002198
0.0015924
0.008342
0.018491
0.02876
0.04356
0.0557
0.06507
0.07682
0.07776
0.07148
0.06665
0.05755
0.04685
0.03225
0.02167
0.012524
0.003719
0.001591
0.0011192
0.002361
0.012462
0.024
0.03465
0.04847
0.06021
0.07183
0.07672
0.07729
0.07725
0.06596
0.05577
0.04382
0.02891
0.001893
0.007885
0.002212
0.000264
0.002251
0.012117
0.02379
0.03519
0.0494
0.06197
0.07206
0.07683
0.07537
0.07278
0.06475
0.05543
0.03978
0.02419
0.001856
0.006475
0.0001739
0.001847
0.002215
0.01275
0.02529
0.04046
0.05547
0.06886
0.07908
0.08407
0.08459
0.07998
0.07143
0.05751
0.04268
0.02769
0.001739
0.00654
0.0001743
0.001421
0.004963
0.013887
0.02456
0.03815
0.05269
0.0631
0.07481
0.07677
0.07292
0.07112
0.06028
0.05002
0.03644
0.02471
0.015712
0.006452
0.001635
0.0003766
0.0014908
0.008998
0.019412
0.02998
0.0441
0.05713
0.06911
0.07441
0.07777
0.07863
0.06943
0.05934
0.04861
0.03214
0.02033
0.010481
0.003285
0.0002263
0.00142
0.008844
0.019126
0.02975
0.0438
0.05845
0.06654
0.07495
0.07465
0.07388
0.06653
0.05549
0.04301
0.02815
0.01907
0.008401
0.002112
0.0001939
0.002206
0.009982
0.02195
0.03398
0.04926
0.06352
0.07454
0.08239
0.08424
0.08177
0.07366
0.0609
0.04662
0.03364
0.01943
0.009029
0.002286
0.00178
0.0019814
0.010325
0.02166
0.0328
0.04586
0.05853
0.07212
0.07452
0.07293
0.07193
0.06267
0.05326
0.04004
0.02962
0.01935
0.010063
0.001991
0.001828
0.0010767
0.005948
0.016275
0.0248
0.03942
0.05308
0.0659
0.07244
0.0782
0.07862
0.07084
0.06247
0.05118
0.03829
0.02391
0.012828
0.004481
0.0005518
0.0010022
0.006501
0.015722
0.02438
0.03966
0.05334
0.06515
0.0717
0.07336
0.07461
0.06859
0.05876
0.04671
0.03307
0.02043
0.011651
0.003488
0.0003445
0.002054
0.00696
0.017176
0.02491
0.04535
0.05612
0.07217
0.08059
0.08396
0.08242
0.07708
0.06465
0.05266
0.03975
0.0215
0.011381
0.003453
0.0006722
0.0017852
0.007748
0.017825
0.02839
0.0424
0.05466
0.06802
0.07236
0.07288
0.07254
0.06465
0.05731
0.04498
0.03374
0.01969
0.011087
0.003181
0.0005116
0.001835
0.002419
0.012528
0.0226
0.03425
0.048
0.06068
0.06849
0.07661
0.07768
0.07178
0.06628
0.05541
0.03976
0.02579
0.016251
0.006993
0.002355
0.001789
0.002159
0.010472
0.02122
0.03547
0.0492
0.05819
0.06854
0.0716
0.07413
0.07082
0.06049
0.05073
0.03648
0.02446
0.015204
0.00556
0.001668
0.001738
0.005222
0.014789
0.02531
0.03933
0.05421
0.06548
0.07724
0.08139
0.08195
0.07777
0.0679
0.05516
0.0424
0.02567
0.001786
0.005453
0.0001508
0.001656
0.005268
0.014517
0.02436
0.03427
0.05221
0.06329
0.06822
0.07099
0.07209
0.06634
0.05905
0.04758
0.0367
0.02753
0.013736
0.002084
0.0010659
0.000273
0.002145
0.009151
0.019666
0.02994
0.04433
0.05731
0.06532
0.07474
0.07636
0.0728
0.06771
0.05927
0.04409
0.03097
0.01981
0.008928
0.002413
0.0002288
0.002506
0.008032
0.019335
0.02998
0.04439
0.0565
0.06552
0.07075
0.07446
0.07044
0.06336
0.05323
0.04161
0.02832
0.001819
0.010029
0.00196
0.0002103
0.002418
0.011536
0.019224
0.03473
0.05011
0.06296
0.07359
0.07993
0.08161
0.07919
0.07054
0.05823
0.0442
0.02891
0.0203
0.008855
0.002049
0.001751
0.002159
0.011972
0.02162
0.03262
0.04751
0.05961
0.06483
0.07087
0.07148
0.06804
0.06198
0.0524
0.04179
0.02684
0.01927
0.002527
0.002529
0.0005039
0.0011729
0.006362
0.015684
0.02398
0.03975
0.05287
0.06094
0.07164
0.07507
0.07298
0.07046
0.06084
0.04785
0.03608
0.02165
0.012988
0.00448
0.0005494
0.001068
0.006696
0.01614
0.02408
0.03684
0.0512
0.06097
0.06902
0.07286
0.07124
0.06518
0.05527
0.0464
0.03183
0.01978
0.010101
0.003388
0.0004819
0.0013872
0.00748
0.018365
0.02895
0.04553
0.05671
0.06996
0.07757
0.08121
0.07976
0.07247
0.06231
0.04904
0.03427
0.01972
0.01135
0.003489
0.0002048
0.002083
0.008352
0.018119
0.0247
0.04121
0.05389
0.06022
0.06786
0.07009
0.06878
0.06358
0.05469
0.04415
0.03142
0.01997
0.003726
0.003898
0.0001832
0.001543
0.00221
0.01227
0.02343
0.03416
0.04758
0.05839
0.07093
0.07402
0.07471
0.07409
0.06567
0.05322
0.04156
0.02515
0.015652
0.006271
0.002004
0.000355
0.002117
0.010878
0.02457
0.03529
0.04803
0.05789
0.06652
0.07255
0.07176
0.0678
0.0575
0.04917
0.03564
0.02245
0.012646
0.005614
0.0001758
0.001888
0.005492
0.012067
0.02377
0.0386
0.05317
0.06615
0.07354
0.08039
0.08036
0.07443
0.06516
0.05119
0.03773
0.02357
0.014536
0.005558
0.000147
0.0006511
0.005941
0.014313
0.02473
0.03854
0.05066
0.05751
0.06715
0.06957
0.07018
0.06489
0.05941
0.04857
0.03585
0.02241
0.005281
0.006243
0.002583
0.0002609
0.002016
0.009288
0.019163
0.02983
0.04126
0.05748
0.06973
0.0738
0.07634
0.07688
0.06938
0.05824
0.04687
0.03003
0.01917
0.009182
0.002465
0.000234
0.002451
0.00995
0.019182
0.03157
0.04486
0.05467
0.06407
0.07221
0.07298
0.06972
0.06221
0.05494
0.04074
0.03046
0.016323
0.007877
0.002212
0.0002272
0.0016279
0.011613
0.02347
0.03539
0.05031
0.06331
0.07378
0.08105
0.08285
0.07866
0.07126
0.05922
0.04461
0.03178
0.02193
0.007692
0.001955
0.0002437
0.002195
0.01077
0.02116
0.03491
0.04669
0.05582
0.06661
0.06952
0.07198
0.06846
0.0638
0.05462
0.0421
0.02842
0.007695
0.008957
0.006304
0.0003718
0.0011077
0.00683
0.016119
0.02349
0.0401
0.05246
0.06553
0.07175
0.07645
0.07819
0.07046
0.06043
0.04796
0.03454
0.02137
0.012302
0.004373
0.0005168
0.0011703
0.002473
0.01639
0.02518
0.03897
0.05073
0.06126
0.0688
0.07245
0.07118
0.06487
0.05699
0.045
0.03124
0.01926
0.011055
0.003943
0.0003445
0.001802
0.008862
0.02009
0.03112
0.04627
0.0588
0.07068
0.08015
0.08317
0.08074
0.07401
0.06295
0.04782
0.0336
0.02146
0.012256
0.003206
0.0003421
0.002096
0.008119
0.018764
0.0304
0.04038
0.0527
0.06352
0.06821
0.07236
0.06993
0.06706
0.05797
0.04513
0.03208
0.011209
0.011748
0.006665
0.0001677
0.001615
0.002402
0.013256
0.02515
0.0358
0.05063
0.06342
0.0708
0.07841
0.07984
0.07452
0.06526
0.05367
0.04015
0.02606
0.01495
0.006088
0.0001893
0.0004973
0.002351
0.012467
0.02153
0.03502
0.04715
0.06042
0.06888
0.07376
0.07284
0.06874
0.06041
0.04913
0.03558
0.02213
0.013924
0.005692
0.0001737
0.001308
0.005754
0.015339
0.02373
0.04203
0.05652
0.06598
0.0789
0.08298
0.08253
0.07753
0.07037
0.05198
0.0381
0.02853
0.014765
0.005614
0.000153
0.0013016
0.006014
0.015407
0.02396
0.03638
0.04885
0.06047
0.06698
0.07251
0.07162
0.06958
0.06256
0.049
0.03375
0.014452
0.014794
0.014008
0.003002
0.0002126
0.002313
0.010071
0.02093
0.03023
0.04686
0.05875
0.06854
0.07802
0.08119
0.07738
0.06935
0.05765
0.04376
0.02905
0.01931
0.010083
0.002461
0.0001996
0.00213
0.009575
0.0201
0.03115
0.04291
0.05701
0.06686
0.07345
0.07388
0.07178
0.06391
0.05377
0.0402
0.02598
0.001831
0.008826
0.001991
0.0002271
0.002452
0.011665
0.02366
0.03506
0.05027
0.06602
0.07705
0.08291
0.08408
0.08072
0.07165
0.05662
0.04288
0.02844
0.00177
0.007336
0.002578
0.001051
0.002469
0.012138
0.02351
0.03206
0.0445
0.05708
0.06563
0.07093
0.07336
0.07314
0.06625
0.05458
0.04166
0.01969
0.019182
0.011191
0.003533
0.0002174
0.001222
0.007298
0.017071
0.02415
0.04168
0.05458
0.06516
0.07609
0.08027
0.07729
0.07075
0.06103
0.0485
0.0337
0.0208
0.012432
0.004329
0.000235
0.0013674
0.007665
0.017168
0.02524
0.03916
0.05387
0.06402
0.07174
0.0725
0.07223
0.06585
0.05696
0.043
0.03054
0.01935
0.011418
0.003493
0.0002293
0.002075
0.007396
0.019476
0.03041
0.0455
0.06059
0.07303
0.07993
0.0829
0.08064
0.07274
0.06089
0.04826
0.03406
0.01941
0.009861
0.002936
0.0002367
0.002144
0.008453
0.018457
0.02786
0.04184
0.05354
0.06342
0.06919
0.07263
0.07312
0.06814
0.0576
0.04611
0.02039
0.02288
0.015543
0.006494
0.0001723
0.001057
0.005
0.013415
0.02518
0.03807
0.04936
0.06207
0.07369
0.07788
0.07707
0.07265
0.06592
0.05367
0.03777
0.02512
0.015536
0.006035
0.001908
0.00129
0.002202
0.013436
0.02455
0.03646
0.05001
0.06077
0.06856
0.07124
0.07263
0.06747
0.05967
0.0458
0.03458
0.02518
0.014584
0.00548
0.0006248
0.0002484
0.006416
0.016129
0.025
0.04267
0.05791
0.06906
0.07735
0.08191
0.08203
0.07404
0.06578
0.05323
0.03982
0.02482
0.013286
0.005415
0.001922
0.002412
0.006411
0.015844
0.025
0.03736
0.04923
0.05929
0.06668
0.07222
0.07377
0.07011
0.06043
0.05022
0.02395
0.02526
0.02052
0.009059
0.002225
0.001421
0.002263
0.009793
0.02045
0.03209
0.04371
0.05636
0.07173
0.07637
0.07733
0.07405
0.06731
0.05589
0.04158
0.02877
0.01952
0.008544
0.002692
0.001384
0.002309
0.010048
0.02029
0.03097
0.04629
0.05749
0.06601
0.07032
0.07314
0.06893
0.06333
0.05182
0.03976
0.02943
0.02049
0.007743
0.001977
0.00127
0.002146
0.012434
0.02373
0.03667
0.05186
0.06512
0.07438
0.08056
0.08173
0.07623
0.0679
0.056
0.04227
0.02724
0.015685
0.007016
0.002299
0.0002139
0.002132
0.011653
0.02141
0.0335
0.04507
0.05396
0.06411
0.0718
0.07399
0.07072
0.06252
0.05246
0.02838
0.02937
0.02016
0.013213
0.00402
0.0002515
0.0014187
0.00663
0.015754
0.02489
0.04324
0.05301
0.06732
0.07378
0.07576
0.07485
0.0696
0.05981
0.04672
0.03467
0.02101
0.014615
0.003921
0.0003538
0.0017504
0.007359
0.013999
0.02374
0.04046
0.05259
0.06332
0.06972
0.07301
0.07098
0.06738
0.05281
0.04389
0.03387
0.02045
0.012721
0.003237
0.0002169
0.002334
0.008846
0.02025
0.03291
0.04829
0.06198
0.07265
0.08017
0.08247
0.0775
0.07094
0.06122
0.04784
0.03407
0.02054
0.010494
0.002847
0.0001974
0.002261
0.009332
0.018943
0.02952
0.04103
0.05395
0.06268
0.07222
0.07559
0.074
0.06705
0.05792
0.03284
0.03338
0.02868
0.014172
0.006244
0.0001468
0.0002485
0.005153
0.01381
0.02409
0.0353
0.04916
0.06271
0.07246
0.07641
0.07731
0.07249
0.06215
0.04991
0.03929
0.02462
0.015089
0.006009
0.001905
0.001267
0.004559
0.013733
0.02431
0.03651
0.04848
0.05885
0.06804
0.07298
0.07256
0.07038
0.05895
0.0486
0.03777
0.0242
0.014528
0.005383
0.0001786
0.0019026
0.006912
0.01668
0.02391
0.03956
0.0557
0.06767
0.07771
0.0823
0.07943
0.07454
0.0659
0.05134
0.03609
0.02232
0.013073
0.004558
0.0001551
0.00018935
0.006506
0.014983
0.02529
0.03603
0.04874
0.05995
0.07103
0.07615
0.0757
0.0711
0.06153
0.03691
0.03724
0.02935
0.01953
0.008349
0.001965
0.000197
0.00235
0.01116
0.02066
0.03257
0.04556
0.06159
0.07007
0.07542
0.07865
0.07594
0.06623
0.0549
0.04427
0.02929
0.001795
0.007636
0.002174
0.0001908
0.0017362
0.009508
0.02158
0.0296
0.04464
0.05619
0.06733
0.07286
0.07475
0.06887
0.06079
0.0543
0.04297
0.0295
0.01939
0.00781
0.001977
0.0015621
0.002061
0.012236
0.02442
0.03834
0.05276
0.06649
0.07698
0.08191
0.08105
0.07797
0.07024
0.05762
0.04097
0.03324
0.015693
0.006069
0.0001864
0.00014053
0.004456
0.011127
0.02303
0.03265
0.04633
0.058
0.0695
0.07628
0.07597
0.07374
0.06445
0.04095
0.04168
0.03359
0.02075
0.010419
0.003915
0.0006129
0.0016939
0.008365
0.016966
0.02867
0.0438
0.05772
0.06724
0.07376
0.07728
0.07521
0.06772
0.05795
0.0474
0.03435
0.01927
0.01127
0.003338
0.0001999
0.001449
0.007969
0.018358
0.02514
0.04149
0.0526
0.064
0.06927
0.07249
0.06831
0.06214
0.05763
0.04841
0.03477
0.0224
0.010125
0.002823
0.0002264
0.002142
0.008923
0.018298
0.03267
0.0453
0.06094
0.07228
0.07849
0.07888
0.0772
0.07099
0.06003
0.04663
0.03103
0.02082
0.00878
0.002207
0.001447
0.0012861
0.009133
0.01902
0.02847
0.0415
0.05194
0.06593
0.07279
0.0742
0.07372
