0.00010736
0.00025
0.0002566
0.0002639
0.000268
0.0002874
0.0002915
0.0002769
0.0002827
0.0002766
0.0003015
0.0002625
0.000274
0.0002536
0.0002948
0.0002703
0.0002679
0.0003117
0.0003015
0.000299
0.0002833
0.0002917
0.0002646
0.000251
0.0002829
0.0002687
0.0002722
0.0002644
0.000259
0.0002456
0.0002872
0.0002861
0.0003102
0.0002838
0.000302
0.0003258
0.0002909
0.0002998
0.000275
0.0002823
0.0002759
0.0002903
0.0002707
0.0002874
0.0002841
0.0002813
0.000281
0.0002747
0.0003243
0.0002835
0.0002969
0.0002879
0.0003168
0.0003133
0.0003115
0.0002783
0.0002876
0.0003219
0.0002952
0.0002653
0.0002708
0.0003006
0.0003187
0.0002811
0.0002711
0.0002814
0.0002838
0.0003058
0.0002741
0.0003081
0.0002943
0.000248
0.0002754
0.0002905
0.0006632
0.0009479
0.0009895
0.0009315
0.0009048
0.0008939
0.0009149
0.0009493
0.0009465
0.000931
0.0009597
0.0009147
0.0009299
0.0009288
0.0009544
0.0009573
0.0009647
0.0009608
0.0009762
0.0009855
0.0009498
0.0009455
0.0010383
0.0010063
0.0010191
0.0010278
0.0010274
0.0010262
0.0010383
0.0010233
0.0010365
0.0010657
0.0010525
0.0010251
0.0010158
0.0010202
0.0010374
0.0010374
0.0010299
0.0010356
0.0010369
0.0010297
0.0010208
0.0010169
0.0010181
0.0010227
0.0010254
0.0010473
0.0010283
0.0010342
0.001012
0.0010229
0.0010235
0.0010214
0.0010075
0.0010313
0.0010619
0.001021
0.001027
0.0010434
0.0010146
0.0009958
0.0010235
0.0010101
0.0010151
0.0010294
0.0010045
0.0010367
0.0010214
0.000997
0.0009897
0.0009762
0.002157
0.002719
0.002716
0.002701
0.002705
0.002735
0.002724
0.002747
0.002749
0.002777
0.002759
0.002738
0.002734
0.00274
0.002752
0.002814
0.002781
0.002777
0.002814
0.002844
0.002838
0.00281
0.00282
0.002846
0.002851
0.00286
0.002858
0.002854
0.002872
0.00287
0.002848
0.002839
0.002882
0.002863
0.002814
0.002785
0.0028
0.002853
0.002865
0.00288
0.00288
0.002858
0.002818
0.002795
0.002808
0.002829
0.002833
0.002854
0.00286
0.002834
0.002824
0.002849
0.002854
0.002828
0.002808
0.002835
0.002862
0.002833
0.002849
0.002844
0.002811
0.002749
0.002721
0.002734
0.002777
0.002786
0.002778
0.002757
0.002794
0.002788
0.002771
0.002682
0.004885
0.005666
0.00566
0.005689
0.005657
0.005726
0.005746
0.00577
0.005758
0.005784
0.005815
0.00575
0.005723
0.005707
0.005797
0.005897
0.00581
0.005773
0.005882
0.005977
0.005953
0.005871
0.005938
0.00596
0.005961
0.005972
0.005989
0.005984
0.006013
0.006008
0.005997
0.005961
0.006021
0.005975
0.00585
0.005828
0.005802
0.005858
0.006033
0.006041
0.006036
0.005958
0.005892
0.005829
0.005834
0.005889
0.005906
0.005939
0.005957
0.005904
0.005883
0.005913
0.005941
0.005885
0.005836
0.005965
0.005941
0.00589
0.005882
0.005944
0.005858
0.005716
0.005675
0.005732
0.005787
0.005831
0.005773
0.005756
0.005807
0.005801
0.005664
0.00569
0.008648
0.009471
0.009493
0.009513
0.009612
0.00969
0.00952
0.009565
0.009592
0.009633
0.009666
0.009662
0.009583
0.009582
0.00969
0.009821
0.009725
0.009579
0.009674
0.009923
0.009807
0.009713
0.009751
0.009875
0.00985
0.009855
0.009895
0.009894
0.009884
0.009911
0.009854
0.009826
0.009907
0.009805
0.009635
0.009592
0.00954
0.009696
0.009897
0.009973
0.00995
0.009852
0.009727
0.009638
0.009664
0.009704
0.009729
0.009813
0.009831
0.009766
0.009735
0.009826
0.00987
0.009725
0.009718
0.00988
0.009948
0.009793
0.00985
0.009911
0.00976
0.00956
0.009484
0.009516
0.009644
0.00976
0.009746
0.009654
0.009826
0.009743
0.009709
0.009338
0.012697
0.013882
0.013914
0.014144
0.013919
0.013874
0.013942
0.014071
0.013987
0.014088
0.014132
0.014163
0.014053
0.01405
0.014073
0.014314
0.014423
0.014283
0.014238
0.014587
0.014553
0.014309
0.014335
0.014565
0.014583
0.014554
0.014616
0.014612
0.014601
0.014638
0.014615
0.01457
0.014667
0.014667
0.014389
0.014224
0.014149
0.014294
0.01476
0.014836
0.014713
0.014641
0.014527
0.014315
0.01436
0.01446
0.014429
0.014501
0.014572
0.014535
0.014481
0.01457
0.014654
0.014436
0.014348
0.014479
0.014781
0.014578
0.014586
0.014775
0.014484
0.014123
0.013879
0.014097
0.014201
0.014417
0.014412
0.014436
0.014338
0.014309
0.014259
0.013896
0.018126
0.019168
0.019247
0.019056
0.018994
0.019348
0.019154
0.01931
0.019484
0.01937
0.019521
0.019532
0.019455
0.019343
0.019343
0.019616
0.019763
0.019521
0.019706
0.02007
0.02008
0.019772
0.019727
0.0201
0.01995
0.019972
0.02012
0.02021
0.02012
0.02012
0.02017
0.02011
0.02013
0.02017
0.019882
0.01962
0.019574
0.019995
0.02009
0.02022
0.02046
0.02029
0.02011
0.019809
0.019854
0.019847
0.019831
0.02001
0.02014
0.02005
0.02002
0.02013
0.02018
0.02007
0.019804
0.02006
0.02037
0.02009
0.02029
0.02036
0.02032
0.019574
0.01921
0.019424
0.019565
0.019955
0.019972
0.019921
0.01992
0.019948
0.01979
0.019366
0.02336
0.02524
0.02297
0.0227
0.02244
0.02298
0.02306
0.02341
0.02291
0.02297
0.02302
0.02315
0.02329
0.02326
0.02312
0.02335
0.0235
0.02353
0.02313
0.02383
0.02418
0.02406
0.0236
0.02393
0.02418
0.0239
0.02405
0.02425
0.02413
0.0242
0.0242
0.02426
0.0242
0.02416
0.02369
0.02359
0.02327
0.02339
0.02419
0.02453
0.0246
0.02451
0.02409
0.02392
0.02349
0.02383
0.02374
0.02382
0.02404
0.02395
0.02411
0.0241
0.02421
0.02399
0.0239
0.02393
0.02449
0.02428
0.0239
0.02411
0.02416
0.02358
0.0227
0.02326
0.02327
0.02359
0.02386
0.02391
0.02371
0.02386
0.02367
0.02349
0.02896
0.02992
0.02947
0.02936
0.02965
0.03037
0.03018
0.02966
0.02989
0.02988
0.02989
0.02995
0.03004
0.03023
0.02993
0.0302
0.0305
0.03065
0.03045
0.03063
0.03126
0.03102
0.03077
0.03115
0.03138
0.03097
0.03134
0.03173
0.03155
0.03142
0.03157
0.03163
0.03157
0.03148
0.03114
0.03086
0.03055
0.03078
0.0311
0.03185
0.03211
0.032
0.03153
0.03075
0.03089
0.03106
0.03117
0.03108
0.03134
0.03135
0.03136
0.03147
0.03147
0.03143
0.03106
0.0314
0.03172
0.03187
0.03149
0.03168
0.03194
0.03078
0.03041
0.03011
0.03075
0.0307
0.03098
0.03108
0.031
0.0311
0.03059
0.03026
0.03495
0.03657
0.0365
0.0368
0.03684
0.03605
0.0362
0.03698
0.03619
0.03637
0.03662
0.03656
0.03724
0.03718
0.03705
0.03674
0.03716
0.03749
0.03732
0.03755
0.0381
0.03769
0.03763
0.03755
0.03826
0.03794
0.03816
0.0384
0.03799
0.03804
0.03837
0.03853
0.03798
0.0381
0.03807
0.03742
0.03702
0.03705
0.03782
0.03857
0.03869
0.03801
0.03807
0.0375
0.03738
0.03778
0.03751
0.03732
0.03761
0.03793
0.03796
0.03799
0.03794
0.03783
0.03759
0.03747
0.0382
0.0383
0.03794
0.03803
0.0383
0.03724
0.03564
0.03677
0.03691
0.03694
0.03755
0.03733
0.03733
0.03721
0.03704
0.03646
0.04192
0.04316
0.04357
0.04319
0.0426
0.04325
0.04305
0.0431
0.04382
0.04377
0.04325
0.04418
0.0442
0.04424
0.04413
0.04367
0.04394
0.04432
0.04434
0.04442
0.04511
0.0453
0.04459
0.0449
0.04541
0.04523
0.04513
0.04588
0.04605
0.04516
0.04583
0.04601
0.04598
0.04547
0.0454
0.04498
0.04443
0.04466
0.04508
0.04551
0.04648
0.0464
0.04596
0.04549
0.04512
0.04517
0.04485
0.04472
0.04519
0.04546
0.0457
0.04583
0.04549
0.04545
0.0453
0.04539
0.04566
0.04617
0.04561
0.04616
0.04613
0.04533
0.04358
0.0433
0.04456
0.04483
0.04554
0.04551
0.04554
0.04509
0.04478
0.04413
0.04897
0.04992
0.05008
0.04982
0.0501
0.0494
0.05024
0.05092
0.05039
0.0496
0.04953
0.04969
0.05053
0.05116
0.05105
0.05003
0.05059
0.05125
0.05116
0.05106
0.05181
0.05214
0.05161
0.0516
0.05221
0.05221
0.0519
0.05251
0.05281
0.05205
0.05208
0.05269
0.05274
0.05205
0.05212
0.05179
0.05137
0.05109
0.05152
0.05266
0.05285
0.05306
0.05283
0.05214
0.05128
0.05146
0.05185
0.05132
0.0516
0.05182
0.05227
0.05246
0.05219
0.05193
0.0518
0.05191
0.05232
0.05261
0.05209
0.05209
0.05309
0.05218
0.0495
0.05061
0.05001
0.05073
0.05088
0.05243
0.05204
0.05128
0.0511
0.05094
0.05534
0.05703
0.05645
0.05666
0.05659
0.05704
0.05731
0.05623
0.05596
0.05683
0.05609
0.05617
0.0561
0.05789
0.05763
0.05599
0.05638
0.05769
0.05807
0.05792
0.05831
0.0587
0.05836
0.05806
0.05881
0.05908
0.05885
0.05976
0.05969
0.05886
0.05877
0.05976
0.05991
0.05905
0.0589
0.0588
0.05796
0.05798
0.05812
0.05876
0.05985
0.06002
0.05966
0.05876
0.05843
0.05842
0.05866
0.05816
0.05849
0.05878
0.05905
0.05946
0.0591
0.05864
0.05858
0.05895
0.05924
0.05951
0.05942
0.05922
0.06007
0.05894
0.05779
0.05607
0.05755
0.05721
0.05762
0.05936
0.05803
0.05793
0.0574
0.05776
0.06192
0.06275
0.06216
0.06251
0.06273
0.06197
0.06163
0.06237
0.06211
0.06204
0.06228
0.06178
0.06295
0.06357
0.06375
0.06256
0.06184
0.0629
0.06385
0.06341
0.06376
0.06451
0.06451
0.06397
0.06441
0.06491
0.06458
0.06506
0.06577
0.06493
0.06438
0.06576
0.06525
0.0647
0.06445
0.06455
0.06404
0.06342
0.06375
0.06471
0.06562
0.06557
0.0654
0.06512
0.06379
0.06422
0.06478
0.06395
0.06383
0.06441
0.06485
0.0654
0.06521
0.06431
0.06458
0.0647
0.06501
0.0653
0.06532
0.06517
0.06571
0.06515
0.06284
0.0612
0.0629
0.06315
0.06324
0.06536
0.06446
0.06454
0.06341
0.06342
0.06692
0.06792
0.0669
0.06724
0.06719
0.06682
0.06728
0.0669
0.06788
0.06856
0.06709
0.06741
0.06751
0.06827
0.06903
0.06831
0.06736
0.06757
0.06926
0.06865
0.06868
0.06915
0.06962
0.06891
0.06915
0.06957
0.06976
0.07
0.07085
0.07009
0.0695
0.07089
0.07098
0.07034
0.06921
0.0696
0.06896
0.06875
0.06869
0.06957
0.07037
0.07095
0.07068
0.06988
0.0693
0.06921
0.06908
0.06877
0.06891
0.06926
0.06969
0.0707
0.07005
0.0693
0.06915
0.07
0.07004
0.07026
0.07042
0.07051
0.07066
0.07095
0.06839
0.06605
0.06789
0.06755
0.0694
0.06958
0.07026
0.06886
0.06864
0.06908
0.07221
0.07352
0.07247
0.07278
0.07256
0.07195
0.07227
0.07314
0.07314
0.07212
0.07176
0.07214
0.07217
0.0732
0.07317
0.07378
0.07108
0.07273
0.07413
0.07454
0.07394
0.07415
0.075
0.07448
0.07406
0.07488
0.07515
0.07514
0.07589
0.0754
0.07465
0.07498
0.07649
0.07583
0.07438
0.07494
0.07448
0.0739
0.07409
0.07432
0.07519
0.07557
0.07526
0.07498
0.07367
0.0732
0.07439
0.07413
0.07364
0.07383
0.07467
0.07533
0.0754
0.07372
0.07369
0.07465
0.07479
0.07466
0.07491
0.07493
0.07527
0.07514
0.07336
0.07101
0.07077
0.07203
0.07275
0.07482
0.07484
0.07369
0.07277
0.07329
0.0751
0.07512
0.07517
0.07468
0.07468
0.07471
0.07472
0.07477
0.07414
0.07536
0.07443
0.07421
0.07373
0.07352
0.07714
0.07477
0.07434
0.07405
0.07663
0.0774
0.07683
0.07644
0.07754
0.07758
0.07684
0.07712
0.078
0.07822
0.0788
0.07857
0.07771
0.07865
0.07903
0.07867
0.07729
0.07764
0.07726
0.07725
0.07646
0.07684
0.0779
0.07863
0.07796
0.0774
0.07677
0.07695
0.07722
0.07716
0.07711
0.07707
0.07764
0.07855
0.07865
0.07739
0.07663
0.07788
0.07804
0.078
0.07808
0.0782
0.07822
0.07824
0.07739
0.07494
0.07355
0.07573
0.07557
0.07611
0.07829
0.07509
0.07566
0.07526
0.07517
0.07601
0.0748
0.07405
0.07381
0.07376
0.07366
0.07374
0.07425
0.07399
0.07421
0.07452
0.07333
0.07576
0.07593
0.07603
0.07322
0.07303
0.07452
0.07655
0.07471
0.07529
0.07607
0.07675
0.07545
0.07625
0.07656
0.07689
0.07712
0.07738
0.07683
0.07687
0.07806
0.07738
0.0758
0.07604
0.0766
0.07625
0.07579
0.0751
0.07644
0.07716
0.07705
0.07668
0.07599
0.07533
0.07632
0.0764
0.07526
0.07592
0.07641
0.07698
0.07777
0.07598
0.07565
0.07648
0.07714
0.07658
0.0771
0.07755
0.07716
0.07703
0.07659
0.07359
0.07407
0.0748
0.07472
0.07696
0.07706
0.07686
0.07664
0.07465
0.07372
0.07621
0.07465
0.07405
0.07504
0.07475
0.07405
0.07435
0.07458
0.07515
0.07533
0.07438
0.07508
0.0739
0.07611
0.07642
0.07552
0.07378
0.07656
0.07724
0.07653
0.07588
0.0765
0.07742
0.07623
0.07599
0.07748
0.07772
0.07771
0.07811
0.07749
0.0782
0.07841
0.0787
0.07681
0.07687
0.07729
0.07719
0.07618
0.07611
0.07734
0.07773
0.0779
0.07739
0.07682
0.07585
0.07654
0.07673
0.07668
0.07696
0.07703
0.07791
0.07855
0.07697
0.0762
0.07724
0.07829
0.07771
0.07767
0.07872
0.07809
0.07808
0.0779
0.07532
0.0738
0.07519
0.07659
0.07701
0.07781
0.07801
0.07601
0.07667
0.07837
0.07896
0.07844
0.07738
0.07742
0.07707
0.07673
0.07668
0.07725
0.07744
0.07716
0.07752
0.07698
0.07683
0.07772
0.07908
0.07697
0.07569
0.07721
0.07976
0.07931
0.0786
0.07872
0.08042
0.07919
0.07858
0.07985
0.08051
0.08041
0.08077
0.08008
0.07985
0.08116
0.08131
0.08064
0.07935
0.08032
0.07964
0.07971
0.07902
0.07954
0.08063
0.08035
0.07989
0.07935
0.07808
0.07885
0.07973
0.07936
0.07968
0.07984
0.08046
0.08126
0.07996
0.07907
0.07954
0.08095
0.0803
0.07993
0.08105
0.08126
0.08032
0.08074
0.0789
0.07659
0.07701
0.0791
0.07863
0.08142
0.08065
0.07833
0.07884
0.07902
0.07849
0.07895
0.0781
0.07889
0.07764
0.07722
0.077
0.078
0.07799
0.07814
0.07811
0.0778
0.07711
0.07856
0.07909
0.07787
0.07687
0.07753
0.07971
0.08045
0.07829
0.07907
0.08059
0.08078
0.07827
0.07961
0.08081
0.08048
0.08059
0.08072
0.08009
0.08068
0.08142
0.07965
0.07952
0.07947
0.07937
0.07918
0.079
0.07881
0.07974
0.07989
0.07928
0.07871
0.07761
0.07838
0.07921
0.07942
0.07922
0.07954
0.07975
0.08068
0.07996
0.0786
0.07924
0.0804
0.0803
0.07923
0.08088
0.0807
0.07961
0.0803
0.07879
0.07568
0.07547
0.07776
0.07825
0.07938
0.07839
0.07761
0.07653
0.07339
0.07531
0.07456
0.07354
0.07268
0.0723
0.07319
0.07311
0.07253
0.07297
0.07325
0.07345
0.07354
0.07334
0.07414
0.07416
0.07392
0.07187
0.07233
0.07475
0.07461
0.07327
0.07353
0.07571
0.07583
0.07382
0.07486
0.07604
0.07583
0.07565
0.07593
0.07557
0.0762
0.07655
0.07621
0.07477
0.07533
0.07536
0.07501
0.07429
0.07392
0.07542
0.0759
0.07517
0.07447
0.07368
0.07367
0.07498
0.07496
0.07515
0.07545
0.07547
0.07609
0.07592
0.07438
0.0749
0.07593
0.07607
0.07504
0.07658
0.07679
0.07543
0.07565
0.07527
0.07268
0.07218
0.0738
0.07495
0.0759
0.07604
0.07584
0.07366
0.07053
0.07193
0.0719
0.06954
0.07084
0.07112
0.06954
0.06967
0.0701
0.06986
0.07021
0.07077
0.07077
0.07046
0.07043
0.07115
0.07137
0.07026
0.06934
0.07247
0.07254
0.07166
0.07043
0.07225
0.07273
0.07079
0.07091
0.07273
0.07275
0.0724
0.07258
0.0726
0.07269
0.07287
0.07301
0.07173
0.07169
0.07188
0.07124
0.07109
0.07179
0.07199
0.07189
0.07159
0.07089
0.07053
0.06997
0.07122
0.07151
0.0715
0.07183
0.07188
0.07247
0.07232
0.07127
0.07077
0.07209
0.0726
0.07141
0.07325
0.07296
0.07227
0.07148
0.07232
0.06943
0.06802
0.0703
0.07106
0.07096
0.07187
0.07037
0.06995
0.06929
0.07043
0.07018
0.06845
0.06916
0.06821
0.06852
0.06746
0.06765
0.06788
0.06911
0.06915
0.06919
0.06872
0.06874
0.06882
0.06945
0.06718
0.06769
0.06935
0.07086
0.06954
0.06898
0.07061
0.0716
0.06973
0.06929
0.07099
0.07159
0.07085
0.07113
0.07122
0.07099
0.07136
0.0714
0.07033
0.07034
0.0707
0.07019
0.07016
0.06929
0.0703
0.0702
0.06999
0.06949
0.06887
0.06817
0.06944
0.06996
0.07018
0.07054
0.07046
0.07061
0.07104
0.06988
0.06934
0.07061
0.07076
0.06981
0.06992
0.07148
0.07024
0.06976
0.071
0.06795
0.06598
0.06795
0.06917
0.06987
0.07025
0.06963
0.06921
0.06621
0.06428
0.06416
0.06474
0.06442
0.06426
0.06342
0.06304
0.0645
0.06488
0.06397
0.06478
0.06498
0.06494
0.0645
0.06482
0.0646
0.06455
0.06371
0.06489
0.06588
0.06651
0.06474
0.06607
0.06732
0.06598
0.0648
0.06634
0.06751
0.06667
0.06667
0.06729
0.0672
0.06719
0.06737
0.06666
0.06649
0.06623
0.06643
0.06615
0.06585
0.06607
0.06637
0.06642
0.0659
0.06505
0.06464
0.06545
0.06638
0.06656
0.06705
0.06699
0.0668
0.06723
0.06657
0.06602
0.0671
0.06732
0.06713
0.06676
0.06781
0.06718
0.06647
0.0675
0.06591
0.06361
0.06393
0.06579
0.06605
0.06648
0.06565
0.06492
0.06022
0.05936
0.0599
0.05925
0.05833
0.0577
0.05811
0.05889
0.05828
0.0581
0.05889
0.05863
0.05886
0.05936
0.05863
0.05875
0.05887
0.0587
0.0582
0.05881
0.06055
0.05948
0.05891
0.05934
0.06131
0.06013
0.05896
0.06068
0.06131
0.06061
0.06037
0.06107
0.06101
0.06074
0.06085
0.06064
0.06017
0.06027
0.05994
0.05984
0.05903
0.05991
0.06059
0.06024
0.05942
0.05897
0.05797
0.0589
0.05984
0.06014
0.06077
0.06054
0.06026
0.06063
0.06005
0.05957
0.05984
0.06055
0.06003
0.05958
0.0612
0.06014
0.05963
0.05977
0.05966
0.05657
0.0573
0.05936
0.05961
0.05955
0.0598
0.05903
0.05315
0.05204
0.05284
0.05124
0.05179
0.05231
0.05174
0.05087
0.05132
0.05121
0.0511
0.05208
0.05268
0.0525
0.05208
0.05161
0.05172
0.05191
0.05137
0.05229
0.05301
0.05317
0.05234
0.0521
0.05367
0.05254
0.05166
0.05227
0.05421
0.05351
0.05316
0.05391
0.05378
0.05369
0.05369
0.0536
0.05313
0.05328
0.05294
0.05256
0.05273
0.05336
0.05309
0.05299
0.0527
0.05229
0.05132
0.05213
0.05298
0.05323
0.05393
0.05373
0.0534
0.05356
0.0536
0.05313
0.05321
0.05367
0.05377
0.05323
0.05448
0.0544
0.05345
0.05402
0.05351
0.05057
0.05095
0.05287
0.05321
0.05337
0.0529
0.05261
0.04733
0.04578
0.04601
0.04561
0.04518
0.04481
0.04542
0.04478
0.04432
0.04453
0.04544
0.04619
0.04587
0.0463
0.0461
0.04593
0.04553
0.04541
0.04517
0.04569
0.04662
0.04672
0.04639
0.04605
0.04762
0.04706
0.04616
0.04646
0.04762
0.04738
0.04688
0.04761
0.04777
0.04752
0.04728
0.04732
0.04713
0.04713
0.04652
0.04666
0.04653
0.04666
0.04705
0.04701
0.04658
0.04599
0.0458
0.04569
0.04681
0.04706
0.04739
0.04751
0.04723
0.04719
0.04723
0.0471
0.04678
0.04747
0.0474
0.04674
0.04728
0.04763
0.04687
0.04718
0.0476
0.04395
0.0446
0.04554
0.04692
0.04671
0.04659
0.04653
0.04062
0.03877
0.03846
0.03874
0.03826
0.03837
0.0382
0.03755
0.03813
0.03868
0.03812
0.03849
0.03895
0.03905
0.03907
0.03826
0.03808
0.03824
0.03804
0.03846
0.03892
0.03915
0.03881
0.03862
0.03962
0.03957
0.03873
0.03855
0.03998
0.03972
0.03916
0.03968
0.04003
0.03957
0.0394
0.03952
0.03907
0.03914
0.03892
0.03886
0.03872
0.03868
0.03898
0.03909
0.03881
0.03841
0.03766
0.03784
0.03816
0.03868
0.03919
0.03934
0.0392
0.03895
0.039
0.03909
0.03882
0.03909
0.03919
0.03905
0.03917
0.03966
0.03883
0.03917
0.03951
0.03799
0.0368
0.03815
0.03883
0.03867
0.03855
0.0385
0.03349
0.0322
0.03218
0.03205
0.03162
0.03131
0.03134
0.03168
0.03163
0.03108
0.03135
0.03138
0.03131
0.03228
0.03171
0.03138
0.03139
0.03136
0.03126
0.03161
0.03191
0.03215
0.03192
0.03175
0.03237
0.03261
0.03209
0.03168
0.03249
0.03295
0.03249
0.03234
0.03299
0.03262
0.03237
0.03241
0.03257
0.03248
0.03204
0.03216
0.0318
0.03199
0.03256
0.03274
0.03225
0.03206
0.0315
0.03139
0.03197
0.03257
0.0328
0.03313
0.03304
0.0326
0.03286
0.03293
0.03275
0.03269
0.033
0.03294
0.03289
0.03343
0.03279
0.03263
0.03276
0.03196
0.03107
0.03224
0.03294
0.03238
0.03258
0.03304
0.02654
0.02482
0.02454
0.02444
0.02401
0.02423
0.0243
0.02377
0.0239
0.02392
0.02372
0.02378
0.02463
0.02473
0.02481
0.02446
0.02409
0.02392
0.024
0.02449
0.02451
0.02458
0.02463
0.02456
0.02476
0.02528
0.02461
0.0244
0.02512
0.02556
0.02503
0.02513
0.02559
0.02546
0.02527
0.02504
0.02547
0.02537
0.02524
0.02499
0.02498
0.02518
0.02522
0.02543
0.02541
0.0251
0.02484
0.02454
0.02509
0.02528
0.02566
0.02592
0.02584
0.02548
0.02556
0.0256
0.02555
0.02553
0.02557
0.02559
0.02579
0.0259
0.02597
0.02548
0.02592
0.02547
0.02392
0.02529
0.02551
0.02564
0.02508
0.02533
0.01977
0.02111
0.02081
0.02092
0.02074
0.02069
0.02081
0.02077
0.02057
0.02067
0.02073
0.02128
0.02102
0.02138
0.02157
0.02147
0.02128
0.02096
0.02124
0.02146
0.02153
0.02154
0.02152
0.02158
0.02181
0.02201
0.02172
0.02149
0.02192
0.02231
0.02184
0.02195
0.02232
0.0223
0.02191
0.02192
0.0222
0.02199
0.02175
0.02167
0.02162
0.02158
0.02197
0.02202
0.02197
0.02166
0.02153
0.02126
0.02138
0.02185
0.02201
0.02221
0.0221
0.02175
0.02182
0.022
0.02191
0.0218
0.02184
0.0219
0.02186
0.02202
0.02182
0.02165
0.02187
0.02133
0.02052
0.02061
0.02156
0.0214
0.02128
0.02157
0.017142
0.01584
0.015792
0.015745
0.015424
0.015384
0.015444
0.015395
0.015331
0.015528
0.015443
0.015298
0.015633
0.015622
0.015721
0.015785
0.015156
0.015221
0.01523
0.015621
0.015664
0.015609
0.015514
0.015551
0.01559
0.015751
0.015593
0.015411
0.015523
0.015901
0.015612
0.015519
0.015875
0.015815
0.01559
0.015533
0.015716
0.015637
0.015416
0.015218
0.015166
0.015216
0.015383
0.01548
0.015492
0.015278
0.015109
0.014967
0.014977
0.015207
0.015471
0.015576
0.015575
0.015335
0.015307
0.015484
0.015501
0.015376
0.015392
0.015463
0.015491
0.01559
0.015583
0.015434
0.015658
0.015484
0.015092
0.014876
0.015397
0.015476
0.015292
0.015442
0.011902
0.010515
0.010349
0.010355
0.010215
0.010205
0.010243
0.010243
0.010259
0.010171
0.010246
0.010215
0.010222
0.010363
0.010523
0.010355
0.010334
0.010202
0.010218
0.010388
0.010596
0.010522
0.010503
0.010616
0.01064
0.010753
0.010718
0.01061
0.010712
0.010915
0.010859
0.010782
0.010936
0.011058
0.010833
0.010843
0.010885
0.011037
0.010918
0.010793
0.010769
0.010811
0.010958
0.01107
0.011061
0.010966
0.01084
0.010704
0.010734
0.010947
0.011112
0.011171
0.0112
0.011078
0.010989
0.011131
0.011171
0.011084
0.011022
0.011101
0.01113
0.011163
0.011138
0.011075
0.011013
0.011049
0.010631
0.010457
0.010955
0.010811
0.010817
0.010933
0.008707
0.006813
0.006737
0.006616
0.006598
0.006545
0.006593
0.006604
0.006586
0.00659
0.006592
0.006573
0.006696
0.006765
0.006794
0.006803
0.006694
0.006585
0.006545
0.006745
0.006786
0.006724
0.006686
0.006723
0.006756
0.006792
0.006778
0.006698
0.006692
0.006842
0.006817
0.006752
0.006793
0.00684
0.006792
0.006712
0.006751
0.006781
0.006696
0.006571
0.00655
0.006525
0.006595
0.006684
0.006691
0.006633
0.006552
0.006468
0.00645
0.006507
0.006585
0.006635
0.006675
0.006619
0.006535
0.006569
0.006621
0.006568
0.006529
0.00659
0.006604
0.006606
0.006612
0.00661
0.006564
0.006562
0.00637
0.006305
0.00646
0.00654
0.006546
0.00648
0.003999
0.003472
0.00339
0.003361
0.003379
0.003323
0.003328
0.003337
0.003328
0.003316
0.003316
0.003332
0.003351
0.003335
0.003374
0.00339
0.003371
0.003275
0.003303
0.003331
0.003365
0.003356
0.003318
0.003322
0.003369
0.003371
0.003365
0.003345
0.003341
0.00339
0.003409
0.00337
0.003374
0.003408
0.003402
0.003355
0.003355
0.003409
0.003368
0.003328
0.003305
0.003305
0.003336
0.003388
0.003399
0.003396
0.00336
0.003324
0.003289
0.003318
0.003359
0.003401
0.003439
0.00342
0.00338
0.003393
0.003427
0.00344
0.003394
0.003422
0.003449
0.003456
0.00345
0.003456
0.003439
0.003446
0.003329
0.003281
0.003295
0.00345
0.003448
0.003481
0.002026
0.0012396
0.0012472
0.0012416
0.0012159
0.0012079
0.0012081
0.0012303
0.0012202
0.0012093
0.0012273
0.0012249
0.0012245
0.0012143
0.0012376
0.0012325
0.0012105
0.0011919
0.0012006
0.0012151
0.0012623
0.0012597
0.0012184
0.0012209
0.0012345
0.0012362
0.0012423
0.0012204
0.0012423
0.0012345
0.0012474
0.0012424
0.0012554
0.0012578
0.0012542
0.0012456
0.0012695
0.001282
0.001264
0.001234
0.0012226
0.0012053
0.0012264
0.0012512
0.0012654
0.0012556
0.0012344
0.0012489
0.0012362
0.0012354
0.0012667
0.0012855
0.0012561
0.0012639
0.0012599
0.0012537
0.0012627
0.0012528
0.001247
0.0012573
0.0012767
0.0012808
0.0012773
0.0012771
0.001255
0.0012606
0.0012427
0.0012155
0.001224
0.0012533
0.001248
0.0012494
0.0003798
0.0002672
0.0002734
0.0002701
0.0002696
0.0002621
0.0002731
0.0002843
0.0002797
0.0002818
0.0002829
0.0002884
0.0002851
0.0002595
0.0002857
0.0002744
0.0002754
0.0002698
0.0002816
0.0002716
0.0002926
0.0002641
0.0002814
0.0002946
0.000297
0.0002838
0.0002866
0.0002777
0.0002777
0.000297
0.00028
0.0002907
0.0002846
0.0002847
0.000289
0.0002747
0.0002804
0.0002773
0.0002776
0.0002794
0.0002921
0.0002795
0.0002918
0.0002852
0.0002921
0.0002747
0.0002769
0.0002752
0.0002834
0.0002813
0.0002896
0.0002744
0.0002888
0.0002755
0.0002769
0.0002771
0.0002825
0.0002813
0.0002655
0.0002708
0.0002609
0.0002801
0.0002867
0.0002741
0.000267
0.0002766
0.0002842
0.0002851
0.0002725
0.0002969
0.0002724
0.00027
0.0003641
0.0005867
0.0005737
0.0005732
0.0005922
0.0005627
0.0005833
0.0005586
0.0005548
0.0005655
0.0005938
0.0005629
0.0005988
0.0005645
0.0005848
0.0006089
0.0005854
0.0005539
0.0005541
0.0005776
0.0005901
0.0005703
0.00058
0.0005974
0.0005894
0.0006093
0.0005706
0.0005793
0.0005673
0.0005646
0.0005722
0.000587
0.0005793
0.0005942
0.0005955
0.0005985
0.0006047
0.0005849
0.0005821
0.0005939
0.0005864
0.0005943
0.0005703
0.0005791
0.0006042
0.0005809
0.0005814
0.0005741
0.0005632
0.0005702
0.0005577
0.0005966
0.0005815
0.0005782
0.0005694
0.000584
0.0005779
0.0005791
0.0006059
0.0005539
0.0005807
0.0005774
0.0005755
0.000566
0.0005956
0.0005777
0.0005882
0.0005763
0.000575
0.0005833
0.0005574
0.0005798
0.0016345
0.002012
0.002028
0.0019798
0.002027
0.0019852
0.0019695
0.0019826
0.0019941
0.0019991
0.0019988
0.0019711
0.0019814
0.001992
0.002015
0.002022
0.00203
0.002009
0.0019903
0.002005
0.002035
0.002053
0.002016
0.0019981
0.002033
0.002058
0.002035
0.002025
0.002043
0.002072
0.002054
0.00204
0.002054
0.002068
0.002071
0.002062
0.002046
0.002052
0.002051
0.00205
0.0019949
0.0019986
0.002005
0.002055
0.002073
0.002073
0.002068
0.002037
0.002025
0.002023
0.002032
0.002027
0.002044
0.002046
0.002049
0.002041
0.002058
0.002051
0.002027
0.002037
0.002065
0.002085
0.002057
0.00207
0.002087
0.002057
0.002018
0.0019798
0.0019846
0.002
0.002031
0.002004
0.00373
0.004455
0.004442
0.004399
0.004353
0.004265
0.004243
0.004262
0.0043
0.004265
0.004244
0.004281
0.004292
0.004297
0.004318
0.004335
0.004356
0.004288
0.004271
0.004277
0.004361
0.004436
0.00442
0.00433
0.004443
0.004461
0.004433
0.004385
0.004417
0.004453
0.004459
0.004466
0.004467
0.00448
0.0045
0.004492
0.004457
0.004481
0.004507
0.004462
0.004373
0.004348
0.004365
0.004481
0.004535
0.004508
0.00449
0.004464
0.004405
0.004387
0.004419
0.004447
0.004467
0.004481
0.004466
0.004442
0.004452
0.004511
0.004442
0.00441
0.004455
0.004528
0.004516
0.00447
0.004518
0.004485
0.004408
0.00432
0.004314
0.004363
0.004432
0.004418
0.007065
0.007804
0.007843
0.007867
0.007875
0.007644
0.007661
0.007683
0.00762
0.007609
0.007733
0.007688
0.00771
0.007753
0.007752
0.007785
0.00779
0.007788
0.007719
0.007689
0.007738
0.007966
0.007794
0.007776
0.00791
0.008026
0.007975
0.007867
0.007996
0.008012
0.008015
0.008022
0.008048
0.008041
0.008089
0.008063
0.008046
0.007994
0.008096
0.008053
0.00788
0.007825
0.007908
0.007923
0.008041
0.008147
0.008081
0.008037
0.007919
0.007888
0.007924
0.007957
0.007989
0.008029
0.008031
0.007988
0.008029
0.008087
0.008051
0.007914
0.007938
0.008116
0.008039
0.008049
0.008097
0.008102
0.007866
0.00772
0.007731
0.007815
0.007936
0.007941
0.011276
0.012528
0.012535
0.012519
0.012261
0.012067
0.012054
0.01217
0.012166
0.01206
0.012179
0.012281
0.012268
0.012142
0.012198
0.012221
0.012268
0.012267
0.012207
0.012141
0.012428
0.01249
0.012427
0.012236
0.012437
0.012642
0.012622
0.012385
0.012527
0.012622
0.012601
0.012618
0.012701
0.012682
0.012702
0.012707
0.012641
0.012631
0.01272
0.012631
0.012349
0.012317
0.01227
0.012601
0.012743
0.012818
0.012796
0.012692
0.012477
0.012352
0.012494
0.012521
0.012527
0.012632
0.012634
0.012576
0.012597
0.012702
0.012631
0.012498
0.012573
0.012796
0.012754
0.01264
0.012758
0.012778
0.012466
0.012159
0.012145
0.012259
0.012404
0.012451
0.016624
0.017917
0.018081
0.017778
0.017869
0.017924
0.017331
0.017413
0.017394
0.017521
0.017724
0.017493
0.01738
0.017565
0.017588
0.017616
0.017658
0.017698
0.017629
0.017649
0.017701
0.018003
0.018045
0.017737
0.017867
0.018295
0.018149
0.017894
0.017907
0.018243
0.018257
0.018264
0.018377
0.018368
0.018309
0.018347
0.018322
0.018269
0.018354
0.01829
0.018054
0.017803
0.017804
0.018024
0.018438
0.018619
0.018523
0.018234
0.018092
0.017978
0.017996
0.018097
0.018107
0.018213
0.018251
0.018198
0.018233
0.018325
0.018292
0.018073
0.018165
0.018383
0.018502
0.018218
0.018339
0.01852
0.01794
0.017623
0.017513
0.017763
0.01789
0.018091
0.0225
0.02415
0.02427
0.02401
0.02416
0.02357
0.0233
0.02331
0.02368
0.02343
0.02316
0.02331
0.02375
0.02345
0.02352
0.02369
0.02355
0.02379
0.0237
0.02362
0.02357
0.02395
0.02419
0.02375
0.02404
0.02443
0.02437
0.02397
0.02391
0.02446
0.02429
0.02427
0.0245
0.02453
0.02436
0.02447
0.02453
0.02447
0.02445
0.0245
0.02404
0.02383
0.02373
0.02424
0.02471
0.02456
0.02454
0.02457
0.02426
0.02401
0.02416
0.02414
0.02406
0.02425
0.02439
0.02432
0.02435
0.02449
0.02436
0.02414
0.02405
0.02464
0.02469
0.02433
0.0247
0.02462
0.02427
0.02333
0.02361
0.0237
0.02385
0.02418
0.0265
0.02781
0.02786
0.02772
0.02786
0.02767
0.02707
0.02726
0.02682
0.02696
0.0272
0.02696
0.02724
0.02774
0.02755
0.02772
0.02745
0.0274
0.02749
0.02755
0.0272
0.02763
0.02781
0.02762
0.02753
0.02821
0.02866
0.02777
0.02833
0.02866
0.02876
0.02825
0.02877
0.02889
0.02829
0.02874
0.02851
0.02856
0.02848
0.02827
0.02809
0.02766
0.02749
0.02776
0.02801
0.02875
0.02881
0.02856
0.02828
0.02795
0.02781
0.02776
0.02783
0.02795
0.02842
0.02837
0.02828
0.02832
0.02837
0.02814
0.0282
0.02828
0.02884
0.02799
0.02917
0.02912
0.02858
0.02698
0.02698
0.02727
0.02764
0.02802
0.03327
0.03515
0.03488
0.03483
0.03468
0.03439
0.03385
0.03401
0.0337
0.03383
0.0336
0.03402
0.03462
0.03383
0.03356
0.03365
0.03389
0.03422
0.03432
0.03445
0.03421
0.03448
0.03478
0.03467
0.03441
0.03493
0.0354
0.03489
0.0347
0.03542
0.03549
0.03517
0.03539
0.03586
0.03528
0.03529
0.03547
0.03571
0.03556
0.03539
0.03521
0.03479
0.03451
0.03453
0.03544
0.03586
0.03611
0.036
0.03561
0.03468
0.03472
0.03515
0.03488
0.03507
0.03539
0.0355
0.03561
0.03553
0.03561
0.03531
0.03509
0.03561
0.03591
0.03578
0.0354
0.03611
0.0359
0.0343
0.03441
0.03417
0.03459
0.03556
0.04105
0.04302
0.04249
0.04263
0.04225
0.04248
0.04184
0.04122
0.04141
0.04142
0.04188
0.04207
0.04126
0.04109
0.04202
0.04135
0.04138
0.04136
0.04207
0.04216
0.04165
0.04169
0.04239
0.04262
0.04241
0.0426
0.04309
0.04296
0.04227
0.04316
0.04345
0.04328
0.0439
0.04389
0.04363
0.04312
0.04358
0.04384
0.04342
0.04326
0.04333
0.04271
0.04236
0.04253
0.0433
0.04406
0.04443
0.04386
0.04329
0.04319
0.04281
0.04295
0.04286
0.04292
0.04315
0.0434
0.04365
0.04354
0.04338
0.04323
0.04296
0.04334
0.0439
0.04367
0.04348
0.0442
0.04351
0.04215
0.04127
0.04177
0.04188
0.04351
0.04742
0.04911
0.04852
0.04841
0.0481
0.04832
0.04777
0.0471
0.04776
0.04794
0.04697
0.04668
0.04781
0.04739
0.04775
0.0473
0.04742
0.04767
0.04859
0.04845
0.04815
0.04751
0.04815
0.04843
0.04829
0.04824
0.04911
0.04914
0.04843
0.04875
0.04931
0.04898
0.04902
0.04973
0.04959
0.04911
0.04964
0.04991
0.04956
0.04899
0.04906
0.04866
0.0482
0.04804
0.04941
0.04972
0.04968
0.04987
0.0494
0.049
0.04855
0.04898
0.0482
0.04815
0.0487
0.04926
0.04946
0.04942
0.04921
0.04903
0.04885
0.04913
0.04967
0.04973
0.0492
0.05008
0.04963
0.04833
0.04682
0.04781
0.04781
0.04934
0.05354
0.05557
0.05525
0.05449
0.05419
0.05408
0.05369
0.05321
0.05302
0.05297
0.05309
0.05317
0.05311
0.05372
0.0544
0.05332
0.05316
0.05292
0.05318
0.05433
0.05433
0.05349
0.05336
0.05433
0.05447
0.0542
0.05485
0.05518
0.05449
0.05482
0.05528
0.05525
0.05485
0.05591
0.0558
0.05499
0.05546
0.05574
0.05581
0.0549
0.05499
0.05452
0.05429
0.05416
0.0545
0.05558
0.05612
0.05584
0.0558
0.05495
0.05445
0.05431
0.05436
0.05414
0.05491
0.05501
0.05555
0.05538
0.05463
0.05481
0.05494
0.05497
0.05544
0.05555
0.05541
0.05557
0.05608
0.05455
0.0525
0.0532
0.05262
0.05424
0.05985
0.06237
0.06129
0.06096
0.06036
0.06108
0.06078
0.05981
0.05981
0.05999
0.0595
0.05969
0.06069
0.06084
0.05936
0.05897
0.0597
0.05929
0.05963
0.06004
0.06107
0.05905
0.05948
0.06085
0.06143
0.06094
0.0617
0.06195
0.06151
0.06103
0.06192
0.06212
0.06193
0.06291
0.06247
0.06178
0.06176
0.06311
0.06273
0.06186
0.06206
0.06186
0.06121
0.06097
0.06127
0.06225
0.06291
0.06306
0.06273
0.06149
0.0606
0.06158
0.06141
0.06103
0.06141
0.06221
0.06277
0.06272
0.06196
0.06162
0.06183
0.06212
0.06254
0.06261
0.06258
0.06262
0.06317
0.06172
0.05988
0.06004
0.06035
0.06224
0.06714
0.06886
0.06761
0.06666
0.06727
0.06661
0.06656
0.06559
0.06553
0.06564
0.06582
0.06611
0.06567
0.06522
0.06649
0.06568
0.06526
0.06498
0.06478
0.06725
0.06682
0.06604
0.06518
0.06661
0.06743
0.0672
0.06747
0.06794
0.06785
0.06712
0.06786
0.06835
0.06816
0.0691
0.06931
0.06806
0.06825
0.06887
0.06935
0.06794
0.06788
0.06759
0.06746
0.06705
0.06729
0.06859
0.06911
0.06905
0.0685
0.06817
0.06743
0.06756
0.06776
0.06701
0.06776
0.06818
0.06863
0.06907
0.06826
0.06767
0.06828
0.06844
0.06847
0.06863
0.06882
0.06878
0.06927
0.06774
0.06577
0.06432
0.06657
0.06759
0.07134
0.07453
0.07194
0.07167
0.07161
0.07152
0.07273
0.07133
0.07066
0.07101
0.07082
0.07006
0.07084
0.0712
0.07103
0.07137
0.07216
0.07018
0.07225
0.07241
0.07283
0.07136
0.07015
0.07159
0.07303
0.07232
0.07235
0.07282
0.07327
0.07231
0.07263
0.0734
0.07335
0.07352
0.07454
0.07322
0.07341
0.07489
0.07482
0.07353
0.07302
0.07335
0.0728
0.0726
0.07233
0.07325
0.07414
0.07429
0.07416
0.0733
0.07208
0.07339
0.07287
0.07199
0.07268
0.07324
0.07382
0.07446
0.07358
0.07291
0.07308
0.07367
0.07382
0.07378
0.07428
0.07432
0.07415
0.07418
0.07147
0.07095
0.07126
0.07413
0.07714
0.07857
0.07846
0.07684
0.07608
0.07548
0.07697
0.07527
0.07446
0.07534
0.07468
0.07479
0.07476
0.07521
0.07608
0.07542
0.07442
0.07475
0.07401
0.07634
0.07691
0.07687
0.07441
0.07606
0.07731
0.07726
0.07625
0.07665
0.07753
0.07691
0.0767
0.07776
0.07775
0.07776
0.07877
0.07772
0.07764
0.07816
0.07898
0.0781
0.07697
0.07759
0.07716
0.07644
0.07686
0.07757
0.0783
0.07877
0.07825
0.07745
0.07645
0.07628
0.07684
0.07689
0.07656
0.0772
0.07787
0.0788
0.07809
0.07702
0.07728
0.0779
0.07804
0.07772
0.07851
0.07862
0.07835
0.07792
0.07641
0.07416
0.0749
0.07608
0.07781
0.07927
0.07965
0.07877
0.0782
0.0791
0.07923
0.0787
0.07753
0.07735
0.07747
0.07706
0.07736
0.07775
0.0775
0.07682
0.07791
0.07712
0.07648
0.0771
0.07808
0.0779
0.07533
0.07649
0.07938
0.07998
0.07869
0.07863
0.07971
0.07957
0.07862
0.07915
0.08026
0.08026
0.08088
0.08067
0.07962
0.08016
0.0814
0.08092
0.0791
0.0798
0.0798
0.07895
0.07862
0.07932
0.08006
0.08048
0.08001
0.07971
0.0782
0.07805
0.07903
0.0789
0.07855
0.07907
0.07973
0.08036
0.07992
0.07839
0.07839
0.07978
0.08007
0.07924
0.07982
0.08025
0.08009
0.07999
0.07875
0.07658
0.07561
0.07726
0.07517
0.07609
0.07642
0.07421
0.07531
0.07383
0.07316
0.0747
0.07289
0.07325
0.07263
0.0728
0.07272
0.07274
0.07303
0.0738
0.07311
0.07324
0.07264
0.07355
0.07491
0.07475
0.07423
0.07216
0.0743
0.07527
0.07404
0.07392
0.07528
0.07583
0.07467
0.07503
0.07602
0.07593
0.07616
0.07639
0.07515
0.07615
0.07702
0.07573
0.07468
0.07491
0.07501
0.0748
0.07462
0.07474
0.07545
0.07616
0.07565
0.07546
0.07446
0.07391
0.07503
0.07491
0.07435
0.07508
0.07543
0.07636
0.07621
0.07438
0.07493
0.07584
0.07566
0.0749
0.07584
0.07594
0.07573
0.07554
0.07522
0.07242
0.07228
0.07334
0.07343
0.07589
0.07509
0.07399
0.07439
0.07343
0.07546
0.07495
0.07405
0.07305
0.07288
0.07312
0.07327
0.07329
0.07357
0.07374
0.07415
0.07396
0.07354
0.074
0.07414
0.07507
0.07405
0.07297
0.07399
0.07611
0.07467
0.07434
0.07523
0.07627
0.07466
0.0749
0.07595
0.07611
0.07611
0.07649
0.0758
0.07628
0.07712
0.07716
0.07531
0.07551
0.07548
0.07538
0.07466
0.07465
0.0759
0.07632
0.07606
0.0755
0.0747
0.07395
0.0751
0.07522
0.0748
0.07555
0.07578
0.07649
0.0767
0.07504
0.07494
0.0755
0.07627
0.07573
0.07608
0.07728
0.07653
0.07594
0.07626
0.07352
0.07247
0.07493
0.07639
0.07801
0.07847
0.07825
0.07584
0.07557
0.07708
0.07758
0.0747
0.07594
0.07645
0.07484
0.07488
0.07514
0.07554
0.07593
0.07547
0.07564
0.07551
0.07538
0.07695
0.07728
0.07678
0.07415
0.07696
0.07824
0.07809
0.0767
0.07749
0.07899
0.07729
0.07649
0.07838
0.07904
0.07877
0.07913
0.07893
0.07842
0.07889
0.07979
0.07818
0.07764
0.07862
0.0781
0.07792
0.0783
0.07806
0.07877
0.07853
0.07828
0.07766
0.07663
0.07758
0.07825
0.07797
0.07834
0.07863
0.07931
0.07971
0.0783
0.07772
0.07881
0.07952
0.07902
0.07961
0.08027
0.08001
0.07908
0.07968
0.07749
0.07491
0.07754
0.07573
0.07413
0.07608
0.07447
0.07378
0.07387
0.07512
0.07533
0.07325
0.07338
0.07296
0.07336
0.07251
0.07269
0.07311
0.07383
0.07362
0.074
0.07334
0.07311
0.07334
0.07521
0.07284
0.07239
0.07326
0.07552
0.07636
0.07499
0.07507
0.07656
0.07608
0.07447
0.07588
0.077
0.07686
0.07693
0.07696
0.07659
0.07729
0.07795
0.07636
0.07627
0.07693
0.07621
0.07636
0.07526
0.07636
0.07683
0.07687
0.07649
0.07581
0.07486
0.07564
0.07664
0.07656
0.07678
0.07717
0.07752
0.07813
0.07725
0.07618
0.07716
0.07797
0.07707
0.07681
0.07861
0.07819
0.0775
0.07795
0.07659
0.07357
0.07593
0.07303
0.0723
0.07298
0.07231
0.0716
0.07194
0.07095
0.0712
0.07164
0.07109
0.07037
0.07018
0.07015
0.07081
0.07114
0.07104
0.07133
0.07175
0.07185
0.07112
0.0724
0.07277
0.07289
0.07037
0.07101
0.07296
0.0743
0.0727
0.07293
0.07456
0.07467
0.07265
0.07399
0.07543
0.07488
0.07493
0.07531
0.07488
0.07543
0.07606
0.07468
0.07423
0.07448
0.07512
0.07494
0.07441
0.07411
0.07524
0.07542
0.0751
0.07427
0.07361
0.0739
0.07484
0.07541
0.07543
0.07579
0.07602
0.07663
0.07603
0.07503
0.0762
0.07665
0.07692
0.07585
0.07705
0.07701
0.0759
0.07715
0.07631
0.07331
0.07457
0.07268
0.07162
0.07225
0.0715
0.07115
0.07129
0.07132
0.07199
0.0718
0.07007
0.06929
0.07066
0.07042
0.06962
0.07
0.07026
0.07056
0.07081
0.07128
0.07103
0.07094
0.0715
0.0716
0.0704
0.07065
0.0728
0.07284
0.07183
0.07114
0.07291
0.0738
0.07151
0.07247
0.07371
0.07348
0.07325
0.07359
0.07358
0.07378
0.07406
0.07394
0.07273
0.07306
0.07231
0.07275
0.07133
0.0722
0.07341
0.07315
0.07225
0.07199
0.07105
0.07118
0.07218
0.07241
0.07265
0.0728
0.07291
0.07344
0.07277
0.07197
0.07185
0.07303
0.07264
0.0718
0.07347
0.07303
0.07228
0.07178
0.07242
0.06991
0.07028
0.06802
0.06767
0.06822
0.06827
0.06761
0.06723
0.06645
0.06764
0.06666
0.06615
0.06638
0.06609
0.06485
0.06494
0.06494
0.06518
0.06546
0.0663
0.06632
0.06581
0.06572
0.06568
0.06607
0.06455
0.06475
0.06585
0.06717
0.06671
0.06518
0.06657
0.06756
0.06554
0.06503
0.067
0.06737
0.0664
0.0672
0.0672
0.0669
0.06699
0.06682
0.06591
0.06602
0.06623
0.06581
0.06573
0.06597
0.06558
0.0663
0.06546
0.06493
0.06435
0.06417
0.06545
0.06573
0.06564
0.06618
0.06606
0.06626
0.06628
0.06598
0.06512
0.06601
0.06601
0.06496
0.06671
0.06676
0.06588
0.06549
0.066
0.0631
0.06427
0.06094
0.05983
0.06013
0.06024
0.05977
0.05936
0.05936
0.0596
0.05928
0.0583
0.05769
0.05824
0.05737
0.05704
0.05701
0.05819
0.05824
0.0577
0.05852
0.05823
0.05817
0.05779
0.05801
0.05707
0.05717
0.05829
0.05906
0.05906
0.05796
0.05939
0.0598
0.05829
0.05765
0.05939
0.05994
0.05899
0.05925
0.05958
0.05961
0.05955
0.05929
0.059
0.05924
0.05864
0.05859
0.05812
0.05836
0.05862
0.05886
0.05853
0.05819
0.05767
0.05697
0.05807
0.05866
0.05899
0.05932
0.05938
0.05919
0.05947
0.059
0.05861
0.05941
0.05924
0.05901
0.0588
0.06032
0.05939
0.05901
0.06018
0.05673
0.05674
0.05261
0.05273
0.05255
0.0527
0.05234
0.05248
0.05161
0.05148
0.05247
0.05162
0.05129
0.05114
0.05083
0.05111
0.05165
0.05096
0.05186
0.05174
0.05247
0.05252
0.05232
0.05212
0.05232
0.05196
0.0519
0.05262
0.05367
0.05349
0.05256
0.05328
0.0549
0.05458
0.05271
0.05486
0.05528
0.05466
0.05469
0.05553
0.055
0.05515
0.05513
0.05494
0.0548
0.05482
0.05472
0.05462
0.05448
0.05443
0.05543
0.05551
0.05467
0.05411
0.0537
0.05417
0.05525
0.05567
0.05614
0.05617
0.05588
0.05613
0.05593
0.05575
0.05646
0.05656
0.05613
0.05616
0.05746
0.05651
0.05629
0.05725
0.05593
0.05464
0.04894
0.04799
0.04791
0.04791
0.04796
0.04772
0.04748
0.04768
0.04758
0.04729
0.04624
0.04662
0.04742
0.04645
0.04616
0.04695
0.04681
0.04683
0.04773
0.04799
0.04772
0.04742
0.04744
0.04728
0.04728
0.0478
0.04857
0.04859
0.04799
0.04771
0.04911
0.0487
0.04753
0.04853
0.04977
0.04898
0.04873
0.04942
0.04945
0.04897
0.049
0.04898
0.0487
0.04851
0.0484
0.04777
0.04776
0.04876
0.04881
0.04855
0.04809
0.04752
0.04678
0.04725
0.04819
0.04852
0.04893
0.04855
0.04838
0.04851
0.04843
0.04808
0.04794
0.0486
0.04847
0.04814
0.04921
0.04828
0.04777
0.04801
0.04763
0.04587
0.04104
0.04173
0.04144
0.04168
0.04164
0.04178
0.04142
0.04117
0.04127
0.04074
0.04066
0.04085
0.04017
0.04018
0.03999
0.03996
0.04006
0.04109
0.04135
0.04135
0.04097
0.04072
0.04043
0.04033
0.04027
0.04067
0.04102
0.04118
0.04086
0.04031
0.04168
0.04089
0.04039
0.04093
0.04211
0.04155
0.04119
0.04199
0.04179
0.04151
0.04138
0.04132
0.04121
0.04097
0.04055
0.04065
0.04062
0.04071
0.04088
0.04097
0.04032
0.03989
0.03959
0.0402
0.04046
0.04086
0.04125
0.04136
0.04081
0.04089
0.04105
0.04088
0.04074
0.04102
0.04099
0.04095
0.04147
0.04165
0.04048
0.04116
0.04099
0.03977
0.03658
0.03354
0.03402
0.03328
0.03327
0.03347
0.03351
0.033
0.03307
0.03256
0.03246
0.03253
0.03234
0.03197
0.03196
0.03224
0.03281
0.03282
0.03293
0.03331
0.03331
0.03307
0.03241
0.03246
0.03256
0.03282
0.03309
0.0334
0.03326
0.033
0.03369
0.03396
0.033
0.03324
0.03449
0.03383
0.03361
0.03392
0.03439
0.03406
0.03388
0.03396
0.0339
0.03384
0.03351
0.03343
0.03338
0.03351
0.03393
0.03398
0.03357
0.03326
0.03305
0.03269
0.03368
0.03412
0.03425
0.03449
0.03417
0.03406
0.03437
0.03432
0.0342
0.03445
0.03431
0.03412
0.03468
0.03482
0.03412
0.03454
0.03396
0.03216
0.02745
0.02698
0.02708
0.02688
0.02683
0.02715
0.02694
0.02661
0.02659
0.02627
0.02611
0.02603
0.02599
0.02599
0.02621
0.02604
0.02581
0.0264
0.0264
0.02656
0.02687
0.02603
0.026
0.0262
0.0262
0.0266
0.02674
0.02687
0.02673
0.02639
0.02697
0.02731
0.02682
0.02658
0.02753
0.02761
0.027
0.02743
0.02772
0.02731
0.02707
0.02729
0.0273
0.02726
0.02669
0.02677
0.02668
0.0266
0.02702
0.02719
0.02706
0.02659
0.02631
0.02607
0.02635
0.02701
0.02719
0.02733
0.02691
0.0268
0.02701
0.02707
0.02689
0.02689
0.02705
0.02678
0.02697
0.02729
0.02682
0.02717
0.02714
0.02543
0.02127
0.02087
0.02112
0.02071
0.0212
0.02099
0.02108
0.02059
0.02072
0.0207
0.0201
0.02023
0.02051
0.02024
0.0201
0.02025
0.0202
0.02029
0.02028
0.02112
0.02101
0.0209
0.02026
0.02023
0.0203
0.02068
0.02089
0.0209
0.02096
0.02096
0.02129
0.02138
0.02076
0.02073
0.02131
0.02169
0.02128
0.02134
0.02159
0.02124
0.02124
0.02128
0.02157
0.02143
0.02119
0.02099
0.02072
0.02105
0.02143
0.02142
0.02137
0.02109
0.02077
0.02044
0.02106
0.02145
0.02157
0.02171
0.02159
0.02115
0.02139
0.02159
0.02134
0.02138
0.02147
0.02153
0.02185
0.02164
0.02148
0.02109
0.02175
0.01993
0.017827
0.017665
0.017538
0.017575
0.01763
0.017855
0.01788
0.017587
0.017358
0.017389
0.017156
0.017256
0.017175
0.017194
0.017068
0.017091
0.017105
0.017362
0.017621
0.017535
0.017714
0.017576
0.017268
0.017289
0.017309
0.017509
0.017582
0.017517
0.017516
0.017559
0.01764
0.017825
0.017613
0.017415
0.017869
0.017988
0.017735
0.017832
0.018097
0.018038
0.017683
0.017748
0.017936
0.017834
0.01754
0.017518
0.017428
0.017448
0.017761
0.017843
0.017763
0.017551
0.017335
0.017265
0.017425
0.017702
0.017905
0.018017
0.017814
0.017568
0.01763
0.017869
0.017778
0.017682
0.017764
0.0178
0.017847
0.017888
0.017738
0.017687
0.017885
0.016928
0.012435
0.01194
0.012132
0.012134
0.012015
0.012066
0.012248
0.011912
0.011884
0.011992
0.011781
0.011769
0.011828
0.011845
0.011789
0.011778
0.01193
0.011894
0.011861
0.012155
0.012162
0.012164
0.011849
0.011774
0.011792
0.012018
0.012058
0.012024
0.011981
0.012033
0.012119
0.012159
0.012054
0.011999
0.012107
0.012348
0.012117
0.012104
0.012357
0.012242
0.012164
0.012132
0.012301
0.012199
0.012085
0.012037
0.011949
0.012006
0.01218
0.012237
0.01225
0.012134
0.011997
0.011883
0.012002
0.012175
0.012273
0.012385
0.012289
0.012154
0.012173
0.012277
0.012278
0.012184
0.012203
0.012249
0.01224
0.012284
0.012209
0.012123
0.012279
0.011719
0.008327
0.007289
0.007634
0.007663
0.007518
0.007766
0.007722
0.007701
0.007651
0.007518
0.007481
0.007454
0.007495
0.007495
0.007489
0.007522
0.007466
0.007505
0.007528
0.007537
0.007688
0.007521
0.007425
0.007442
0.007462
0.007589
0.007654
0.007634
0.007566
0.00763
0.007653
0.007677
0.00765
0.007601
0.007702
0.007772
0.007711
0.007645
0.007783
0.007791
0.007659
0.007663
0.007735
0.007736
0.00758
0.007514
0.007496
0.007504
0.007599
0.00766
0.007645
0.007554
0.007491
0.007378
0.007372
0.007451
0.007542
0.007589
0.007578
0.007467
0.007424
0.007526
0.007537
0.007466
0.007452
0.007513
0.007547
0.007554
0.007557
0.007521
