0.04432
0.019534
0.019542
0.0243
0.02879
0.03411
0.03629
0.0374
0.03549
0.03112
0.02557
0.01931
0.013397
0.007468
0.00296
0.0007013
0.0005242
0.002328
0.007458
0.013427
0.019901
0.02535
0.02954
0.03539
0.03708
0.03643
0.03468
0.03241
0.0272
0.01946
0.014003
0.008252
0.003836
0.0008688
0.0004396
0.002249
0.005944
0.010806
0.016652
0.02296
0.026
0.02999
0.03183
0.03285
0.03208
0.02829
0.02284
0.01946
0.013182
0.007468
0.003131
0.000628
0.0006423
0.002397
0.006517
0.012087
0.018656
0.02464
0.02998
0.03502
0.03751
0.03831
0.03554
0.03211
0.02553
0.01978
0.015377
0.010792
0.003782
0.0010509
0.0004337
0.002277
0.006159
0.01877
0.017752
0.02272
0.02627
0.03219
0.03563
0.03806
0.03662
0.03277
0.02829
0.02056
0.016404
0.0097
0.004707
0.002221
0.0005866
0.0019669
0.005459
0.010986
0.017347
0.02424
0.0281
0.03305
0.037
0.03707
0.03655
0.03309
0.0264
0.02062
0.017082
0.010701
0.005522
0.002086
0.0008161
0.0017165
0.005205
0.009766
0.014803
0.02127
0.02527
0.02913
0.03164
0.03393
0.03303
0.03002
0.02566
0.01949
0.015221
0.009794
0.004373
0.002006
0.0005496
0.0018756
0.004466
0.010875
0.017156
0.02375
0.02795
0.03387
0.03766
0.03851
0.03705
0.03525
0.02901
0.02289
0.01876
0.011343
0.00583
0.002528
0.0008496
0.0016533
0.004923
0.01654
0.016958
0.02142
0.0271
0.03371
0.0378
0.04031
0.04014
0.03681
0.03186
0.02485
0.01983
0.013081
0.00873
0.003451
0.0015892
0.002131
0.004968
0.00972
0.016562
0.02328
0.02877
0.03507
0.03764
0.03904
0.03971
0.03632
0.03111
0.02484
0.0194
0.013951
0.008525
0.004125
0.001991
0.002284
0.004734
0.008643
0.014097
0.02065
0.02486
0.02988
0.03321
0.03536
0.03558
0.03343
0.02867
0.0233
0.001852
0.013323
0.007157
0.002898
0.0001704
0.002025
0.004975
0.00937
0.015528
0.02238
0.02875
0.03462
0.03912
0.0408
0.04027
0.03775
0.03246
0.02649
0.01964
0.015034
0.008675
0.004192
0.002152
0.002332
0.004721
0.016206
0.016627
0.02158
0.02702
0.03341
0.03862
0.04123
0.04169
0.03956
0.03545
0.02908
0.02153
0.017303
0.011273
0.005963
0.003773
0.003074
0.005354
0.010002
0.016117
0.02272
0.02752
0.03437
0.03778
0.04013
0.04086
0.03822
0.03269
0.02772
0.02155
0.017245
0.011817
0.007037
0.003868
0.003459
0.005353
0.007297
0.013845
0.02079
0.02531
0.02908
0.03253
0.03608
0.03658
0.03531
0.0305
0.02584
0.0195
0.017071
0.009907
0.005453
0.002861
0.002654
0.004737
0.009151
0.015033
0.02172
0.0271
0.0334
0.03872
0.04013
0.04122
0.03914
0.03492
0.03143
0.02355
0.0192
0.012625
0.006888
0.003943
0.003477
0.005358
0.014607
0.016613
0.02107
0.02717
0.03392
0.03864
0.04326
0.04401
0.0429
0.03902
0.0335
0.02645
0.01996
0.014798
0.009387
0.005835
0.004902
0.006479
0.010316
0.015729
0.02294
0.02876
0.03529
0.03849
0.04109
0.04362
0.04118
0.03633
0.032
0.0262
0.01917
0.015757
0.010588
0.006724
0.00541
0.006102
0.009546
0.014379
0.019421
0.02492
0.0295
0.03402
0.03778
0.03867
0.03864
0.03437
0.03044
0.02428
0.001838
0.013295
0.008457
0.00528
0.004257
0.005736
0.009707
0.014794
0.02197
0.02705
0.03396
0.03942
0.04198
0.04344
0.04197
0.03876
0.03528
0.02854
0.02066
0.016303
0.010757
0.00695
0.00558
0.006164
0.015542
0.017194
0.02165
0.0272
0.03407
0.04081
0.04486
0.04622
0.04633
0.04302
0.03824
0.03148
0.02426
0.001893
0.013934
0.009594
0.007569
0.008255
0.01139
0.016517
0.02283
0.02788
0.03492
0.03888
0.04206
0.04573
0.04403
0.04
0.0363
0.02985
0.02387
0.001897
0.014574
0.010182
0.008551
0.008383
0.010368
0.015318
0.02109
0.02432
0.02928
0.03493
0.03886
0.04072
0.04179
0.03815
0.03425
0.02761
0.02089
0.017811
0.011982
0.0082
0.00656
0.007013
0.010167
0.014932
0.02173
0.02729
0.03328
0.03972
0.04296
0.04662
0.04522
0.04276
0.03978
0.03324
0.02603
0.01963
0.01495
0.010516
0.008484
0.008904
0.015148
0.018276
0.02303
0.02905
0.03638
0.04316
0.04747
0.0503
0.05069
0.04824
0.04372
0.03718
0.03023
0.02322
0.001776
0.013595
0.010908
0.010731
0.013195
0.017663
0.02353
0.03007
0.03568
0.04047
0.0463
0.04935
0.04732
0.04451
0.04166
0.03634
0.02976
0.02377
0.001873
0.014631
0.01182
0.010914
0.012275
0.01637
0.0217
0.02603
0.03152
0.03686
0.04188
0.04413
0.04572
0.04311
0.04044
0.03349
0.02664
0.02004
0.016948
0.012232
0.009593
0.009499
0.01183
0.015878
0.0225
0.02837
0.03517
0.04189
0.0461
0.0495
0.04918
0.04786
0.04509
0.03863
0.03267
0.02477
0.01918
0.014854
0.012198
0.011599
0.017778
0.02005
0.02421
0.02898
0.03629
0.04352
0.04834
0.05227
0.05372
0.05188
0.04824
0.04236
0.03674
0.02848
0.02293
0.0182
0.014782
0.013967
0.015265
0.019376
0.02515
0.03026
0.03658
0.04161
0.04739
0.05063
0.04969
0.04787
0.04541
0.04025
0.03525
0.02918
0.02221
0.018891
0.015513
0.013815
0.014842
0.018384
0.02308
0.02579
0.03112
0.03768
0.04304
0.04606
0.04786
0.04649
0.04361
0.03802
0.03149
0.0257
0.01952
0.016079
0.012867
0.012263
0.013967
0.017353
0.02378
0.02909
0.03661
0.04245
0.04659
0.05138
0.05158
0.05161
0.04884
0.04332
0.03679
0.02984
0.02259
0.019544
0.016232
0.014887
0.019743
0.02203
0.02488
0.03051
0.03769
0.04428
0.05077
0.05533
0.05696
0.05617
0.0535
0.04716
0.04126
0.03446
0.0274
0.02113
0.019264
0.017583
0.017841
0.02068
0.02494
0.03084
0.03731
0.04344
0.04961
0.05268
0.05229
0.05188
0.05043
0.04508
0.04095
0.03493
0.02757
0.02134
0.019569
0.016926
0.017273
0.019963
0.02387
0.02767
0.03216
0.04014
0.04511
0.04907
0.05078
0.05041
0.04856
0.0422
0.03625
0.02985
0.02366
0.0193
0.016769
0.015308
0.016131
0.01925
0.02493
0.0297
0.03755
0.04363
0.04856
0.05331
0.05464
0.05624
0.05307
0.04826
0.04221
0.03524
0.02788
0.02225
0.001902
0.018666
0.02211
0.02421
0.0256
0.032
0.03937
0.04681
0.05251
0.05753
0.05971
0.05939
0.05723
0.05283
0.04671
0.03933
0.03219
0.02656
0.021
0.0191
0.02078
0.02272
0.02536
0.03232
0.03773
0.04276
0.05035
0.05439
0.05452
0.0549
0.05422
0.04954
0.04586
0.03926
0.03224
0.0266
0.02148
0.02025
0.02017
0.02236
0.02518
0.02813
0.0336
0.04088
0.04579
0.05128
0.05335
0.05387
0.05175
0.04591
0.04135
0.03509
0.02858
0.02292
0.01916
0.018826
0.018806
0.02108
0.02398
0.02922
0.0373
0.04348
0.05048
0.05431
0.05684
0.05967
0.05793
0.05293
0.04673
0.04125
0.03366
0.02747
0.02244
0.01973
0.02418
0.02425
0.02877
0.03318
0.03986
0.04748
0.05415
0.05955
0.06292
0.06381
0.0624
0.05806
0.05325
0.0453
0.03878
0.0312
0.02655
0.02326
0.02148
0.02275
0.02621
0.03126
0.03858
0.0457
0.05215
0.05585
0.05726
0.05877
0.05845
0.05453
0.05151
0.04474
0.03783
0.03194
0.02571
0.02148
0.02066
0.02181
0.0244
0.02865
0.03469
0.0421
0.04767
0.05401
0.05577
0.05741
0.05687
0.0516
0.04617
0.04071
0.03458
0.02777
0.02246
0.02015
0.01915
0.02106
0.02522
0.03103
0.03812
0.04401
0.05175
0.05621
0.05997
0.06376
0.06228
0.05836
0.05313
0.04654
0.03867
0.03244
0.02755
0.02479
0.0248
0.02715
0.03145
0.03523
0.04282
0.04809
0.05675
0.0636
0.06662
0.06859
0.06767
0.06437
0.05924
0.05229
0.04539
0.03829
0.03202
0.02792
0.0254
0.02597
0.02968
0.03355
0.04037
0.04697
0.05406
0.05817
0.06042
0.06281
0.06299
0.0608
0.05791
0.05128
0.04389
0.03751
0.03108
0.02581
0.02466
0.02503
0.02708
0.03064
0.03658
0.04419
0.04964
0.05654
0.05905
0.06192
0.06144
0.05708
0.05292
0.0466
0.03991
0.03346
0.02782
0.02426
0.02256
0.02391
0.02802
0.03385
0.03992
0.04603
0.05379
0.05868
0.06305
0.06786
0.06667
0.06404
0.05947
0.05304
0.04536
0.03872
0.03329
0.02933
0.02808
0.0296
0.03206
0.0365
0.04334
0.05072
0.05833
0.06501
0.06888
0.07204
0.07161
0.0693
0.06554
0.05824
0.05021
0.04321
0.03669
0.03178
0.02861
0.02829
0.03149
0.03554
0.04032
0.04729
0.05486
0.05891
0.06215
0.06543
0.06576
0.06487
0.063
0.05713
0.04917
0.0424
0.03484
0.02926
0.02761
0.02696
0.028
0.03125
0.03731
0.04489
0.04912
0.05795
0.06078
0.0644
0.06497
0.06103
0.05666
0.05073
0.04598
0.03892
0.03322
0.02862
0.02564
0.02655
0.02907
0.03407
0.04014
0.04443
0.05439
0.05965
0.06508
0.07001
0.06976
0.06809
0.06409
0.05803
0.05038
0.0461
0.03851
0.03343
0.03008
0.03243
0.03445
0.03813
0.04419
0.051
0.05821
0.06478
0.06959
0.07409
0.07456
0.07382
0.06997
0.06405
0.0557
0.0502
0.04169
0.03575
0.03167
0.03078
0.03319
0.03633
0.04093
0.04586
0.05542
0.05913
0.06324
0.06714
0.06841
0.06886
0.0672
0.06134
0.05485
0.04814
0.03906
0.0334
0.03058
0.02927
0.02948
0.03215
0.03702
0.04527
0.05144
0.05847
0.06281
0.06696
0.06662
0.06502
0.06187
0.05637
0.05
0.04286
0.03716
0.03271
0.02882
0.02903
0.03073
0.03542
0.03924
0.04686
0.05337
0.06059
0.06718
0.07203
0.07306
0.07221
0.06943
0.06341
0.05642
0.05068
0.04318
0.03821
0.0331
0.03524
0.03681
0.03994
0.04587
0.05257
0.05984
0.06739
0.0726
0.07711
0.07762
0.07787
0.07481
0.06927
0.06193
0.05543
0.04754
0.04037
0.03563
0.03393
0.0355
0.03761
0.04203
0.04904
0.05538
0.06002
0.06524
0.06967
0.0712
0.07364
0.07194
0.06578
0.05985
0.05281
0.044
0.03759
0.03458
0.03172
0.03223
0.03388
0.03928
0.0456
0.0536
0.05963
0.06529
0.07019
0.06979
0.06916
0.06645
0.06108
0.05542
0.04777
0.04128
0.03653
0.03262
0.03201
0.0327
0.03625
0.04043
0.04734
0.05513
0.06151
0.06927
0.07382
0.0759
0.07584
0.07344
0.06783
0.06154
0.05567
0.04851
0.04234
0.03609
0.03827
0.03834
0.04048
0.04536
0.05132
0.05999
0.06694
0.07256
0.07665
0.07978
0.08011
0.07837
0.07274
0.06698
0.05829
0.05143
0.04373
0.03826
0.03624
0.03679
0.03763
0.04158
0.04875
0.05472
0.05924
0.06444
0.0709
0.07253
0.07608
0.07477
0.06944
0.06393
0.05654
0.047
0.04107
0.03666
0.03332
0.03313
0.03407
0.03999
0.04603
0.05344
0.05916
0.06557
0.07109
0.0714
0.07147
0.06997
0.06494
0.0595
0.05175
0.04593
0.03973
0.03582
0.03426
0.0342
0.03677
0.04069
0.04428
0.05392
0.06057
0.06987
0.07415
0.07776
0.0783
0.07689
0.07136
0.06557
0.0601
0.05297
0.0463
0.03844
0.04014
0.04011
0.04201
0.04613
0.05195
0.0581
0.06635
0.07282
0.07842
0.08128
0.08369
0.08167
0.07669
0.07105
0.0635
0.05626
0.04765
0.04103
0.03928
0.03821
0.03816
0.04218
0.04879
0.05417
0.05899
0.06553
0.07162
0.07405
0.07874
0.07771
0.07241
0.06921
0.06066
0.05091
0.0449
0.03984
0.03564
0.03449
0.03498
0.03882
0.04517
0.05266
0.05873
0.06604
0.07208
0.07245
0.07361
0.07336
0.06896
0.06353
0.05696
0.05026
0.04338
0.03904
0.03641
0.03553
0.03697
0.04022
0.04654
0.05302
0.05991
0.07024
0.0746
0.07861
0.08002
0.07886
0.07542
0.06987
0.0636
0.05687
0.04935
0.04107
0.0421
0.0416
0.04272
0.04549
0.05092
0.05859
0.0651
0.07124
0.07809
0.08135
0.0838
0.08297
0.07907
0.07362
0.06626
0.05887
0.05217
0.0438
0.04108
0.039
0.03788
0.04146
0.0474
0.05221
0.05668
0.06405
0.06988
0.07374
0.07908
0.07841
0.07463
0.07016
0.06294
0.05342
0.04735
0.04187
0.03672
0.03503
0.0357
0.03947
0.04403
0.05161
0.0576
0.06475
0.07018
0.07264
0.07394
0.07377
0.07029
0.06593
0.05922
0.05302
0.04569
0.04197
0.03807
0.0366
0.03716
0.0394
0.0454
0.05115
0.05863
0.06836
0.07353
0.07823
0.08048
0.08035
0.07669
0.0725
0.06658
0.0608
0.05298
0.04277
0.04328
0.04236
0.04225
0.04536
0.04974
0.05631
0.06344
0.07209
0.07728
0.08203
0.08506
0.08462
0.08233
0.07745
0.07001
0.06158
0.05328
0.04767
0.04306
0.03963
0.03821
0.04099
0.04565
0.0495
0.05603
0.06226
0.06906
0.0743
0.07996
0.08035
0.07658
0.07348
0.06574
0.05609
0.05041
0.04298
0.03849
0.03557
0.0361
0.03907
0.04344
0.05082
0.05668
0.06419
0.07006
0.07322
0.07556
0.07609
0.07377
0.06905
0.06343
0.05659
0.04848
0.04539
0.04024
0.0379
0.037
0.03857
0.04418
0.04993
0.0573
0.06764
0.07233
0.0786
0.08236
0.08168
0.07922
0.07646
0.07086
0.06442
0.05558
0.04499
0.04504
0.04281
0.04202
0.04391
0.04796
0.0529
0.06041
0.06872
0.07542
0.08103
0.08529
0.08624
0.08352
0.07851
0.07279
0.06414
0.05778
0.0493
0.04423
0.03923
0.03761
0.03868
0.04408
0.04719
0.05317
0.06096
0.06741
0.07485
0.08041
0.0811
0.07866
0.07576
0.06812
0.05823
0.05174
0.04492
0.03952
0.03627
0.03531
0.0378
0.04147
0.04823
0.05459
0.06251
0.06832
0.07301
0.07588
0.07728
0.0762
0.07171
0.06612
0.05965
0.05148
0.04664
0.04117
0.03802
0.03647
0.03688
0.04205
0.04711
0.05546
0.06404
0.07145
0.0779
0.08228
0.08227
0.08044
0.07874
0.07277
0.06578
0.05826
0.04608
0.04521
0.04306
0.04147
0.04185
0.04546
0.05135
0.05682
0.06529
0.07166
0.07923
0.08333
0.08463
0.08323
0.08006
0.07387
0.06465
0.05683
0.04955
0.04452
0.03868
0.03663
0.03771
0.04091
0.04338
0.04978
0.05649
0.06289
0.07156
0.07744
0.07855
0.07813
0.07466
0.06687
0.05858
0.0524
0.04498
0.03923
0.03456
0.03434
0.03568
0.0393
0.04481
0.05143
0.05906
0.06379
0.06987
0.07414
0.0756
0.07545
0.07141
0.06722
0.06007
0.0527
0.04681
0.04098
0.03798
0.03489
0.03517
0.03897
0.04366
0.05162
0.05914
0.06635
0.07373
0.07877
0.07979
0.08032
0.07811
0.07349
0.06667
0.05797
0.04555
0.04578
0.04321
0.04093
0.04048
0.04334
0.04785
0.05396
0.06057
0.06931
0.07642
0.08058
0.08356
0.0829
0.07978
0.0755
0.06572
0.05965
0.05099
0.04504
0.03971
0.03592
0.03658
0.03808
0.04056
0.04641
0.05397
0.05966
0.06936
0.07532
0.07738
0.07763
0.07466
0.06632
0.06028
0.05365
0.04514
0.04023
0.03519
0.03373
0.03413
0.03775
0.04218
0.04851
0.0558
0.06077
0.06722
0.07233
0.07414
0.07513
0.07195
0.06792
0.06187
0.05416
0.04829
0.04193
0.03766
0.03425
0.03379
0.0366
0.04118
0.04867
0.05555
0.06336
0.06983
0.07588
0.07809
0.07893
0.07855
0.07456
0.06681
0.05908
0.04607
0.04559
0.043
0.03926
0.0382
0.04025
0.04438
0.05047
0.05764
0.06394
0.07223
0.07775
0.08059
0.08131
0.07933
0.07435
0.06618
0.05782
0.05179
0.04592
0.03783
0.03495
0.0343
0.03479
0.03697
0.04218
0.04972
0.05539
0.06612
0.07179
0.07363
0.07609
0.07331
0.06659
0.06135
0.05353
0.04554
0.03967
0.0343
0.03265
0.0322
0.03478
0.03763
0.04425
0.05147
0.05589
0.06386
0.06964
0.07245
0.07366
0.07085
0.06788
0.06162
0.05513
0.0486
0.04248
0.03676
0.03298
0.0319
0.03343
0.03647
0.04465
0.05208
0.05896
0.06709
0.07274
0.07579
0.07752
0.07773
0.07391
0.06727
0.06087
0.0463
0.0456
0.04175
0.03769
0.03576
0.03721
0.04004
0.04659
0.05271
0.05966
0.06776
0.0747
0.07782
0.07909
0.07773
0.07362
0.06592
0.05776
0.05215
0.04666
0.03707
0.0335
0.03258
0.03195
0.03373
0.03879
0.04555
0.05264
0.06205
0.06821
0.07096
0.07387
0.07165
0.06458
0.06023
0.05391
0.04578
0.03952
0.03392
0.03161
0.03021
0.03253
0.03516
0.04083
0.04791
0.05381
0.06019
0.06661
0.07
0.07214
0.0701
0.06847
0.06088
0.05595
0.05119
0.04191
0.03578
0.03117
0.03002
0.03049
0.0336
0.04071
0.04695
0.05546
0.06271
0.06865
0.07245
0.07612
0.0762
0.07326
0.06682
0.05957
0.04616
0.04507
0.04098
0.03608
0.0337
0.0343
0.03686
0.04159
0.04851
0.05638
0.06422
0.07056
0.07451
0.07674
0.07664
0.07235
0.06695
0.05916
0.0534
0.04415
0.03689
0.03248
0.03055
0.02932
0.0307
0.03536
0.04126
0.04911
0.05718
0.06471
0.06865
0.07195
0.07044
0.06515
0.06041
0.05408
0.04648
0.04027
0.03394
0.03073
0.02866
0.02999
0.0322
0.03576
0.04235
0.04972
0.05683
0.06397
0.06808
0.07056
0.06985
0.06797
0.06221
0.05797
0.05067
0.04342
0.03674
0.03082
0.02891
0.0281
0.03121
0.03733
0.04338
0.05113
0.05948
0.06558
0.07098
0.07522
0.07514
0.07378
0.06809
0.06127
0.04677
0.04514
0.04043
0.0347
0.03149
0.03096
0.03279
0.0379
0.04417
0.05175
0.05863
0.06609
0.07089
0.07406
0.07484
0.07131
0.06521
0.05872
0.05262
0.04377
0.03585
0.0312
0.02808
0.02626
0.027
0.03102
0.03704
0.04438
0.05228
0.06003
0.0648
0.06841
0.06677
0.06231
0.05901
0.05268
0.04588
0.03868
0.03387
0.02955
0.02696
0.02686
0.02879
0.03369
0.03907
0.04541
0.05269
0.05946
0.0645
0.06732
0.0675
0.06685
0.06102
0.05739
0.05133
0.04304
0.035
0.029
0.02687
0.02553
0.02735
0.03281
0.03859
0.04626
0.05439
0.06045
0.06565
0.07142
0.07231
0.07124
0.06643
0.06038
0.04617
0.04362
0.03888
0.03242
0.02844
0.02703
0.02783
0.03161
0.0369
0.04462
0.05181
0.06009
0.06581
0.0696
0.07057
0.0679
0.06313
0.05712
0.05152
0.04192
0.03411
0.02891
0.02472
0.02232
0.02263
0.02518
0.02937
0.03953
0.04757
0.05412
0.05914
0.06374
0.06211
0.0595
0.05635
0.05057
0.04451
0.03698
0.03145
0.02688
0.0238
0.02291
0.0244
0.02838
0.03255
0.03944
0.0473
0.05408
0.05833
0.06268
0.06454
0.06374
0.05952
0.05596
0.04884
0.0414
0.0331
0.02687
0.0235
0.02189
0.02359
0.02786
0.03238
0.0392
0.04767
0.0548
0.06052
0.06657
0.06823
0.06825
0.06383
0.05908
0.04436
0.04196
0.03676
0.03009
0.02635
0.02377
0.02364
0.02683
0.03153
0.03882
0.04652
0.05374
0.05998
0.06412
0.0667
0.06464
0.06059
0.05602
0.04984
0.04166
0.03331
0.02764
0.02227
0.01953
0.02129
0.02389
0.02564
0.03304
0.04076
0.0473
0.05368
0.05815
0.05726
0.05662
0.05426
0.04804
0.04427
0.03524
0.03067
0.02533
0.02185
0.01995
0.02037
0.02367
0.02735
0.03371
0.04085
0.04779
0.05405
0.05734
0.0608
0.06046
0.05773
0.05414
0.0473
0.04152
0.03257
0.0259
0.02109
0.01929
0.02177
0.02416
0.02736
0.03304
0.04137
0.04874
0.05447
0.06144
0.06442
0.06477
0.0614
0.05661
0.04273
0.04019
0.03501
0.03006
0.02255
0.02005
0.01934
0.02105
0.02625
0.03308
0.04032
0.04768
0.05499
0.05915
0.06268
0.06181
0.05824
0.05462
0.05019
0.03928
0.03194
0.02598
0.02012
0.018786
0.01797
0.01981
0.02338
0.02854
0.03568
0.04215
0.04987
0.05395
0.05401
0.05408
0.05242
0.04895
0.04152
0.03454
0.02928
0.02339
0.01985
0.019212
0.019231
0.02156
0.02474
0.02904
0.03627
0.04298
0.04964
0.05393
0.0575
0.05823
0.05683
0.05416
0.0473
0.03939
0.03157
0.02456
0.0193
0.018567
0.018505
0.019934
0.02392
0.02672
0.03585
0.04343
0.05036
0.0565
0.06092
0.06126
0.05941
0.05489
0.04156
0.03999
0.03483
0.02656
0.02119
0.019417
0.018239
0.019734
0.02288
0.02722
0.03456
0.04183
0.04949
0.05467
0.0589
0.05875
0.05598
0.05391
0.04754
0.03966
0.03149
0.02476
0.01949
0.016423
0.014972
0.015838
0.019341
0.02476
0.0304
0.03723
0.04472
0.04945
0.04986
0.05138
0.05007
0.04579
0.04128
0.0367
0.02914
0.02279
0.01927
0.016809
0.016
0.01764
0.02093
0.02487
0.03152
0.03834
0.04523
0.04997
0.05461
0.05505
0.05489
0.05344
0.0478
0.03921
0.03091
0.02438
0.01906
0.016267
0.015519
0.016378
0.018895
0.02445
0.02998
0.03817
0.04645
0.05281
0.05726
0.05828
0.05696
0.05422
0.041
0.03865
0.03271
0.02498
0.01939
0.016972
0.01497
0.015326
0.018603
0.02396
0.02874
0.03526
0.043
0.04904
0.05336
0.05454
0.05281
0.05153
0.04546
0.03657
0.02987
0.02486
0.019186
0.015365
0.012206
0.012377
0.015186
0.02043
0.025
0.03082
0.03841
0.04333
0.04523
0.04743
0.04649
0.0433
0.03884
0.03298
0.02724
0.02104
0.018397
0.014554
0.013302
0.013744
0.016435
0.02151
0.02464
0.03243
0.03959
0.04412
0.04986
0.05069
0.05181
0.04989
0.04451
0.03761
0.02933
0.02289
0.019108
0.015109
0.012739
0.012781
0.015741
0.02096
0.02487
0.03143
0.0399
0.04683
0.05195
0.05336
0.05334
0.05039
0.03945
0.03746
0.03045
0.02292
0.019652
0.015042
0.011874
0.01154
0.013866
0.019113
0.02477
0.02973
0.0362
0.04371
0.04782
0.04939
0.04914
0.04829
0.04224
0.03479
0.02889
0.02181
0.017665
0.012514
0.009575
0.008984
0.011102
0.015396
0.02109
0.02486
0.03234
0.03714
0.0397
0.04273
0.04265
0.04072
0.03632
0.03087
0.02589
0.01963
0.017405
0.012256
0.010213
0.010088
0.012082
0.016301
0.02236
0.02593
0.03285
0.03939
0.04436
0.04592
0.0482
0.04611
0.04244
0.03465
0.02774
0.02119
0.017617
0.012921
0.010026
0.009216
0.011065
0.015156
0.02089
0.02548
0.03398
0.04029
0.04561
0.04823
0.04889
0.04687
0.03616
0.03498
0.02994
0.02274
0.018041
0.012686
0.009286
0.008166
0.009619
0.013892
0.018944
0.02491
0.03182
0.03891
0.04325
0.04606
0.04696
0.04676
0.04226
0.0343
0.029
0.02105
0.016174
0.011023
0.007615
0.006165
0.007448
0.011064
0.016282
0.02253
0.02821
0.03241
0.03583
0.0399
0.04032
0.03934
0.03531
0.03121
0.02565
0.02086
0.016266
0.011324
0.007966
0.007019
0.008441
0.012204
0.017358
0.02443
0.02882
0.03571
0.04104
0.04339
0.04619
0.04553
0.04163
0.03534
0.02841
0.02212
0.016596
0.011423
0.007795
0.006468
0.007698
0.011336
0.016924
0.02344
0.02766
0.0342
0.04175
0.04542
0.04659
0.04569
0.03658
0.03492
0.03079
0.02218
0.018547
0.011883
0.007288
0.005476
0.006096
0.009201
0.014366
0.02112
0.02571
0.03393
0.03904
0.04249
0.04462
0.04481
0.03996
0.03423
0.02895
0.02178
0.016574
0.010763
0.006554
0.004202
0.004714
0.007173
0.012429
0.017789
0.02485
0.02797
0.03307
0.03699
0.03789
0.03766
0.03436
0.03091
0.02542
0.01993
0.015396
0.010221
0.006524
0.004763
0.005524
0.008516
0.013565
0.019648
0.02503
0.0314
0.03702
0.04069
0.04409
0.04357
0.04091
0.03571
0.02879
0.02208
0.016765
0.011214
0.006703
0.004649
0.00476
0.007618
0.012248
0.019038
0.02453
0.03153
0.03794
0.04193
0.04424
0.04372
0.03759
0.03492
0.03078
0.02369
0.017621
0.011171
0.006423
0.003652
0.003416
0.005914
0.010509
0.016779
0.02389
0.03011
0.03615
0.03987
0.04358
0.04384
0.04062
0.0357
0.03082
0.02207
0.016834
0.010501
0.005958
0.002872
0.002462
0.004452
0.008576
0.014527
0.02122
0.02525
0.0305
0.03512
0.03636
0.03686
0.03473
0.03182
0.02639
0.02112
0.016157
0.010511
0.005607
0.003183
0.00313
0.005457
0.008365
0.015703
0.02281
0.02766
0.03385
0.03912
0.04277
0.043
0.04093
0.03594
0.02951
0.02363
0.00183
0.011
0.006258
0.003136
0.002423
0.004644
0.00837
0.014394
0.02196
0.02832
0.035
0.0391
0.04283
0.04318
0.03629
0.03543
0.03062
0.02433
0.001861
0.01249
0.006404
0.002545
0.001708
0.002307
0.006983
0.012797
0.02001
0.02594
0.03158
0.03728
0.04166
0.04244
0.03917
0.03573
0.03143
0.02345
0.017385
0.01111
0.005692
0.002242
0.0011356
0.002216
0.00496
0.010702
0.017117
0.02232
0.02622
0.03213
0.03427
0.03556
0.0342
0.03204
0.02675
0.021
0.016432
0.010613
0.00551
0.002424
0.0014641
0.0018965
0.006438
0.012714
0.019136
0.02529
0.02968
0.03594
0.04027
0.04141
0.04034
0.03582
0.03046
0.02349
0.018401
0.013854
0.006714
0.002623
0.0010933
0.002288
0.005721
0.01159
0.018412
0.02257
0.03128
0.03663
0.04044
0.04107
0.03559
0.03575
0.03342
0.02531
0.01977
0.012499
0.006413
0.002301
0.0006846
0.0012507
0.00462
0.009696
0.016449
0.02391
0.02926
0.03465
0.0386
0.04076
0.03876
0.03594
0.03154
0.02415
0.01957
0.012683
0.007048
0.002659
0.000461
0.0007561
0.002432
0.008385
0.013982
0.019918
0.02473
0.02946
0.03289
0.03422
0.0343
0.03265
0.02771
0.02266
0.018137
0.011797
0.006201
0.002291
0.0006422
0.0014553
0.004298
0.00865
0.015701
0.02081
0.02763
0.03373
0.03878
0.04071
0.04086
0.03606
0.03303
0.02584
0.01983
0.014696
0.007637
0.002894
0.0005807
0.0008161
0.002509
0.008845
0.015664
0.02314
0.02785
0.03426
0.03897
0.04069
0.03669
0.03728
0.03359
0.02711
0.01927
0.014542
0.007956
0.003286
0.0005975
0.00016879
0.002289
0.00732
0.013859
0.02125
0.02507
0.03274
0.03851
0.04006
0.03873
0.0373
0.03333
0.02622
0.01979
0.015141
0.008022
0.003444
0.0008101
0.0000157
0.002117
0.006179
0.011647
0.018213
0.02416
0.02783
0.03136
0.03356
0.03472
0.03366
0.02914
0.02395
0.001885
0.013413
0.008404
0.002592
0.0004269
0.0002408
0.002511
0.007093
0.013046
0.018292
0.02451
0.03229
0.03722
0.0402
0.04039
0.03705
0.03362
0.02736
0.02087
0.01575
0.008893
0.003771
0.002021
0.00001521
0.002154
0.006308
0.012609
0.0209
0.02539
0.03208
0.03717
0.03928
0.03775
0.03798
0.03557
0.02984
0.02233
0.001889
0.010401
0.004978
0.0001771
0.0003713
0.002147
0.004765
0.011812
0.018717
0.02465
0.03001
0.03738
0.03957
0.03942
0.03881
0.03548
0.02801
0.02108
0.017047
0.010435
0.005386
0.002145
0.0005599
0.0015816
0.005361
0.010392
0.016527
0.02311
0.02645
0.03115
0.03379
0.03552
0.03476
0.03121
0.02623
0.01983
0.015687
0.008975
0.00409
0.0001583
0.0003399
0.0009488
0.005743
0.011483
0.017432
0.0248
0.03027
0.03611
0.04009
0.04029
0.0389
0.03572
0.02936
0.02362
0.018145
0.012001
0.005572
0.002128
0.0005455
0.0013697
0.005177
0.010901
0.018848
0.02485
0.03087
0.0363
0.03984
0.03896
0.03967
0.03775
0.03274
0.02538
0.01908
0.012879
0.00687
0.002954
0.0012955
0.002076
0.005384
0.010887
0.017253
0.02515
0.03016
0.03648
0.03902
0.04031
0.04052
0.03728
0.03171
0.02462
0.01967
0.013034
0.007637
0.003931
0.0001818
0.002151
0.00502
0.009211
0.014942
0.02172
0.02551
0.03107
0.03408
0.03684
0.03624
0.0337
0.02918
0.02296
0.001802
0.011517
0.006085
0.002421
0.0010232
0.0017477
0.004591
0.009766
0.016059
0.02421
0.02948
0.03495
0.04013
0.04105
0.04036
0.03784
0.03288
0.02663
0.01908
0.013702
0.008566
0.003919
0.001993
0.002024
0.004782
0.010555
0.017498
0.02468
0.02955
0.03572
0.04009
0.04064
0.04179
0.04085
0.0362
0.02952
0.02209
0.016887
0.010519
0.005341
0.002981
0.002768
0.005279
0.010298
0.016639
0.02346
0.02823
0.03597
0.039
0.04132
0.0424
0.03972
0.03383
0.02824
0.02174
0.017378
0.011694
0.006591
0.003445
0.003161
0.004696
0.00883
0.014987
0.02075
0.02535
0.03065
0.03445
0.03799
0.03832
0.03667
0.03211
0.02664
0.02
0.015327
0.009563
0.004728
0.002641
0.0025
0.004767
0.009335
0.0152
0.02309
0.02858
0.03402
0.04
0.04193
0.04263
0.04032
0.03571
0.03093
0.02327
0.018497
0.011466
0.006474
0.003586
0.003276
0.005617
0.009989
0.015438
0.02369
0.02896
0.03529
0.04053
0.04248
0.04457
0.04417
0.03957
0.03365
0.0271
0.01943
0.014212
0.009349
0.00544
0.004588
0.005989
0.009992
0.016176
0.02302
0.02946
0.03596
0.0397
0.04342
0.04486
0.04236
0.03747
0.03329
0.0262
0.01916
0.015915
0.009774
0.006285
0.005165
0.006417
0.009512
0.014036
0.02113
0.0252
0.03098
0.03509
0.03991
0.04025
0.04008
0.03562
0.03018
0.02485
0.001816
0.012858
0.008124
0.004817
0.003977
0.005382
0.009348
0.014934
0.02195
0.02839
0.03556
0.04001
0.0434
0.045
0.04418
0.0399
0.03627
0.02795
0.02114
0.016011
0.011162
0.006366
0.005259
0.006753
0.009464
0.015703
0.02332
0.02881
0.03629
0.04189
0.04555
0.04713
0.04756
0.04396
0.03972
0.03125
0.02479
0.001866
0.013084
0.008845
0.007065
0.007993
0.011487
0.01683
0.02328
0.02901
0.03586
0.03999
0.04436
0.04735
0.04544
0.04132
0.03639
0.0311
0.02444
0.01988
0.014112
0.00964
0.007775
0.008106
0.01042
0.015149
0.02176
0.02501
0.03105
0.03632
0.04083
0.04252
0.043
0.04008
0.03464
0.0282
0.02193
0.016976
0.011529
0.00779
0.006151
0.006826
0.010054
0.015016
0.02021
0.02865
0.03577
0.04091
0.0448
0.04791
0.04654
0.04401
0.04071
0.03266
0.02628
0.01978
0.014471
0.010384
0.007996
0.008504
0.01163
0.016487
0.02341
0.02947
0.03675
0.04296
0.04794
0.05069
0.05138
0.04813
0.04373
0.0368
0.02962
0.02218
0.017748
0.012792
0.010316
0.010276
0.012735
0.016558
0.02343
0.03031
0.03599
0.04152
0.0461
0.05002
0.04838
0.04555
0.04182
0.03657
0.02928
0.0231
0.018401
0.013396
0.010937
0.01045
0.012314
0.016649
0.02208
0.02613
0.03218
0.03803
0.04354
0.0456
0.04649
0.04367
0.03978
0.03341
0.0267
0.01946
0.015974
0.011431
0.008995
0.008843
0.01137
0.015767
0.0229
0.02874
0.03683
0.04281
0.04587
0.05078
0.05017
0.04884
0.04525
0.03815
0.03152
0.02461
0.01905
0.014191
0.011489
0.011145
0.013657
0.018162
0.02473
0.03039
0.03816
0.04472
0.05119
0.05302
0.05467
0.05231
0.04865
0.04166
0.03464
0.02725
0.02029
0.017358
0.013887
0.013145
0.014653
0.018999
0.02467
0.03079
0.03674
0.04252
0.04817
0.05184
0.05094
0.0493
0.04607
0.0407
0.03496
0.02935
0.02165
0.017817
0.014587
0.013157
0.014328
0.01797
0.02294
0.02538
0.0323
0.03909
0.04466
0.04762
0.0496
0.04699
0.044
0.03746
0.03078
0.02373
0.01906
0.015509
0.01201
0.011525
0.013435
0.017204
0.02393
0.0283
0.03516
0.04259
0.04808
0.05262
0.05281
0.05228
0.04955
0.04504
0.03689
0.02943
0.02216
0.018623
0.015415
0.014128
0.015936
0.01939
0.02461
0.03084
0.03704
0.04551
0.05365
0.0564
0.05784
0.05679
0.05356
0.04744
0.04095
0.03343
0.02607
0.01978
0.018015
0.016642
0.017364
0.02071
0.02532
0.03064
0.03747
0.0429
0.04941
0.05361
0.05365
0.0529
0.05094
0.04483
0.04041
0.03487
0.02664
0.0204
0.019087
0.016475
0.016704
0.019784
0.02402
0.0279
0.03286
0.0402
0.04596
0.0503
0.05198
0.05128
0.04857
0.04281
0.03625
0.02908
0.02221
0.001877
0.01638
0.014481
0.015776
0.017756
0.02492
0.02805
0.037
0.04339
0.04846
0.0542
0.05543
0.0566
0.05391
0.04857
0.04168
0.03463
0.02735
0.02114
0.019509
0.01769
0.018427
0.02169
0.02468
0.03136
0.03964
0.04713
0.05675
0.05927
0.0613
0.06097
0.05883
0.05336
0.04705
0.03929
0.03176
0.02529
0.02021
0.02038
0.02007
0.02264
0.0257
0.03102
0.03796
0.04527
0.05265
0.0558
0.05631
0.05638
0.05519
0.05048
0.04804
0.0392
0.03152
0.02553
0.02119
0.019904
0.019849
0.02211
0.02515
0.02877
0.03417
0.04207
0.0481
0.05346
0.05504
0.05549
0.05383
0.04803
0.04187
0.03543
0.02761
0.02188
0.001866
0.017856
0.017933
0.02053
0.02509
0.03078
0.0381
0.04489
0.05104
0.05617
0.05842
0.06102
0.05806
0.05384
0.04779
0.0406
0.03299
0.0265
0.02214
0.0195
0.02151
0.02311
0.0264
0.03282
0.03961
0.04834
0.05933
0.06107
0.06437
0.06521
0.06333
0.05805
0.05294
0.04541
0.03732
0.03131
0.02526
0.02186
0.02077
0.02256
0.02764
0.03307
0.039
0.04641
0.05388
0.05694
0.05836
0.05993
0.06004
0.05538
0.05234
0.04556
0.03763
0.03161
0.02504
0.02084
0.02035
0.02147
0.02486
0.02985
0.03577
0.0438
0.04932
0.05553
0.05704
0.05896
0.05762
0.05411
0.047
0.04113
0.03379
0.02771
0.02157
0.01925
0.02103
0.02338
0.02548
0.03219
0.03829
0.04481
0.05213
0.05749
0.06078
0.06511
0.06251
0.05895
0.05354
0.04646
0.04113
0.03251
0.02679
0.02352
0.02251
0.02405
0.02778
0.03519
0.04269
0.04984
0.06243
0.06454
0.06747
0.06946
0.06833
0.0651
0.0599
0.05222
0.04441
0.03719
0.03243
0.02694
0.02487
0.02494
0.0296
0.03467
0.03972
0.04776
0.05593
0.05897
0.06108
0.06338
0.06391
0.06082
0.0582
0.05279
0.04399
0.03751
0.03126
0.02562
0.02437
0.02482
0.0271
0.0312
0.03633
0.04508
0.05109
0.05784
0.06051
0.06271
0.06226
0.0581
0.0526
0.04687
0.03945
0.03314
0.02725
0.02374
0.02174
0.02404
0.02772
0.03307
0.03964
0.04624
0.05481
0.05947
0.06411
0.06897
0.06771
0.06483
0.05962
0.05264
0.04464
0.03867
0.03282
0.02881
0.02653
0.02727
0.03153
0.03697
0.04472
0.05217
0.06492
0.06734
0.07034
0.07305
0.07213
0.06974
0.06474
0.05773
0.05008
0.04291
0.0362
0.03053
0.02838
0.02768
0.03153
0.03583
0.04099
0.04608
0.05609
0.06018
0.06244
0.0661
0.06712
0.0655
0.06339
0.0572
0.04936
0.04208
0.03458
0.0291
0.0273
0.02683
0.02854
0.03241
0.03721
0.04554
0.05179
0.05918
0.06209
0.06544
0.06529
0.0617
0.05711
0.05138
0.04448
0.03756
0.03142
0.02797
0.02527
0.02628
0.02898
0.03383
0.04042
0.04672
0.05519
0.06066
0.06611
0.07151
0.07093
0.0685
0.06469
0.05763
0.05039
0.04442
0.03876
0.03322
0.03031
0.03035
0.0331
0.03797
0.0441
0.05336
0.06741
0.06866
0.07197
0.07631
0.07611
0.07482
0.0708
0.06447
0.05638
0.04869
0.04208
0.03563
0.03202
0.03081
0.03392
0.03704
0.04136
0.04982
0.05629
0.06077
0.06485
0.06982
0.06986
0.07049
0.06854
0.06343
0.05429
0.04748
0.0394
0.03343
0.03102
0.02943
0.03056
0.03351
0.03807
0.04733
0.05499
0.06055
0.06482
0.06865
0.0687
0.06643
0.06251
0.05706
0.05022
0.0425
0.03689
0.0322
0.02839
0.02913
0.03095
0.03536
0.0414
0.04762
0.05604
0.06021
0.06806
0.07314
0.07441
0.0726
0.06968
0.0631
0.05572
0.05
0.04279
0.03905
0.03379
0.03279
0.03484
0.03949
0.04461
0.05349
0.06793
0.06966
0.07326
0.07758
0.07828
0.07811
0.07419
0.06797
0.06118
0.0533
0.04592
0.0391
0.03497
0.03319
0.03495
0.03756
0.04231
0.04978
0.05685
0.06047
0.0662
0.07108
0.07147
0.0739
0.07203
0.06582
0.06045
0.05167
0.04298
0.03747
0.0337
0.03175
0.03166
0.03408
0.04015
0.04545
0.05405
0.06008
0.06577
0.07062
0.07063
0.06915
0.06654
0.06068
0.05472
0.04701
0.041
0.03578
0.03186
0.03138
0.03218
0.03636
0.04093
0.04671
0.05528
0.06169
0.06705
0.07449
0.07668
0.07603
0.07333
0.06752
0.06087
0.05438
0.04725
0.04212
0.03703
0.03604
0.03685
0.04123
0.04715
0.05436
0.06892
0.06979
0.07404
0.07928
0.08114
0.08097
0.07851
0.07314
0.06588
0.05858
0.05076
0.04408
0.03778
0.03603
0.03666
0.03766
0.04222
0.04963
0.05589
0.06013
0.06607
0.07067
0.07322
0.07695
0.07512
0.06952
0.06374
0.05602
0.04663
0.04048
0.03684
0.03338
0.03322
0.03498
0.04111
0.04696
0.05429
0.06013
0.06672
0.07181
0.0726
0.07203
0.06957
0.06595
0.05903
0.05129
0.04551
0.03933
0.03514
0.03354
0.03393
0.03686
0.04128
0.04739
0.05464
0.06148
0.07061
0.07508
0.07834
0.07848
0.07724
0.07091
0.06565
0.05937
0.05236
0.04513
0.04013
0.03829
0.03879
0.04188
0.04728
0.05387
0.06875
0.06916
0.07415
0.07809
0.08136
0.08274
0.07994
0.0774
0.06891
0.06103
0.05337
0.04551
0.04005
0.03783
0.03693
0.0377
0.04189
0.04803
0.05377
0.0584
0.06468
0.07086
0.07307
0.07761
0.07648
0.07087
0.06494
0.05831
0.0486
0.04281
0.03794
0.03434
0.03321
0.03448
0.03914
0.04494
0.05284
0.058
0.06545
0.07122
0.07203
0.07245
0.07143
0.0667
0.06238
0.05452
0.04833
0.04201
0.03695
0.03515
0.0345
0.03623
0.0397
0.04596
0.05233
0.05947
0.06973
0.07388
0.07819
0.0794
0.07786
0.07347
0.0683
0.06188
0.05481
0.04791
0.04263
0.03973
0.03958
0.0424
0.04682
0.05307
0.06591
0.06728
0.07292
0.07827
0.08246
0.08454
0.08346
0.07886
0.07314
0.06643
0.05839
0.04936
0.04302
0.04094
0.03935
0.03806
0.04194
0.0484
0.05302
0.0581
0.06563
0.07153
0.07562
0.07996
0.07947
0.07466
0.07023
0.06367
0.05287
0.04725
0.04119
0.03683
0.03534
0.03533
0.04017
0.0446
0.05326
0.05909
0.06645
0.07214
0.07377
0.07485
0.07458
0.07137
0.06671
0.05936
0.05326
0.04494
0.041
0.03799
0.0366
0.03713
0.03966
0.04622
0.05204
0.05939
0.06935
0.07462
0.07898
0.08136
0.08044
0.07661
0.07307
0.06632
0.06059
0.05168
0.04586
0.04265
0.04138
0.04321
0.04715
0.05218
0.06685
0.06658
0.07155
0.07696
0.08208
0.08507
0.08435
0.08059
0.07555
0.06855
0.06093
0.05191
0.04499
0.04226
0.039
0.03779
0.04108
0.04639
0.05007
0.0559
0.06308
0.06933
0.07363
0.07982
0.07985
0.07658
0.07228
0.06362
0.05473
0.04883
0.04271
0.03825
0.03484
0.03497
0.03807
0.04354
0.05
0.05683
0.06409
0.06982
0.0727
0.07499
0.07526
0.07239
0.06825
0.06184
0.05497
0.04725
0.04304
0.04001
0.03717
0.03657
0.03817
0.04418
0.04996
0.05774
0.06698
0.0724
0.07707
0.08095
0.08106
0.07799
0.07494
0.06915
0.0617
0.05416
0.04796
0.04357
0.04184
0.04259
0.04556
0.0508
0.06388
0.06393
0.0696
0.07531
0.08069
0.0843
0.08495
0.08196
0.0782
0.07095
0.06196
0.05358
0.04677
0.04319
0.03909
0.0373
0.04
0.04354
0.0472
0.05323
0.06098
0.06671
0.07357
0.07877
0.07933
0.07683
0.07383
0.06573
0.05676
0.05073
0.04353
0.03848
0.03502
0.03521
0.03785
0.04152
0.04862
0.0543
0.06243
0.06767
0.07181
0.07491
0.07575
0.07391
0.06985
0.06356
0.05781
0.0496
0.04519
0.03952
0.03749
0.03611
0.03686
0.04194
0.04719
0.05595
0.06422
0.07118
0.0764
0.08065
0.08041
0.07865
0.07653
0.07042
0.06378
0.05563
0.04927
0.04494
0.04215
0.04208
0.0446
0.04894
0.06258
0.06188
0.06626
0.07253
0.07926
0.08286
0.08416
0.08253
0.07816
0.07242
0.06376
0.0557
0.04893
0.04443
0.03917
0.03702
0.03802
0.04196
0.045
0.05054
0.05852
0.06414
0.07277
0.07758
0.07842
0.07753
0.07448
0.06597
0.05852
0.05196
0.04469
0.03951
0.0354
0.03459
0.03636
0.04014
0.04563
0.051
0.06046
0.0652
0.07034
0.07407
0.07532
0.07456
0.07051
0.06567
0.0597
0.0521
0.04653
0.04093
0.03728
0.03547
0.0358
0.03949
0.04455
0.05116
0.06056
0.06828
0.07452
0.079
0.08006
0.07888
0.07785
0.07267
0.06634
0.05782
0.05158
0.04569
0.04243
0.04171
0.0433
0.04768
0.0601
0.05843
0.06285
0.06927
0.07641
0.08079
0.08247
0.08161
0.07809
0.07352
0.06459
0.05628
0.05
0.04398
0.03789
0.03545
0.03663
0.0383
0.04133
0.04683
0.05336
0.06078
0.06972
0.07521
0.07626
0.07631
0.07367
0.06501
0.05878
0.05232
0.04457
0.03949
0.03416
0.03365
0.03423
0.03831
0.04287
0.04845
0.05627
0.0619
0.06742
0.072
0.07373
0.0739
0.07018
0.0662
0.06007
0.05298
0.04706
0.04086
0.03675
0.03389
0.0338
0.03699
0.04141
0.04989
0.05676
0.06431
0.07093
0.07584
0.07778
0.07833
0.07767
0.07235
0.06577
0.05805
0.05152
0.04535
0.04178
0.04011
0.04078
0.04445
0.05551
0.05499
0.05943
0.06681
0.07343
0.07861
0.08114
0.08139
0.07839
0.07589
0.06612
0.05692
0.05101
0.04418
0.0377
0.03502
0.03509
0.03632
0.03854
0.04399
0.05147
0.05745
0.06554
0.07277
0.07474
0.07615
0.07348
0.06579
0.06028
0.05344
0.04551
0.03954
0.03436
0.03327
0.0329
0.03591
0.03954
0.04613
0.05355
0.05918
0.06544
0.07052
0.07282
0.07378
0.07056
0.06714
0.06084
0.05502
0.04894
0.04179
0.03684
0.03304
0.03266
0.03432
0.03883
0.04649
0.05317
0.06093
0.068
0.07378
0.07687
0.07791
0.07711
0.07352
0.06685
0.06064
0.05241
0.04599
0.04185
0.03934
0.0389
0.04117
0.05283
0.05107
0.0541
0.06113
0.06893
0.07477
0.07787
0.07942
0.07752
0.07354
0.06762
0.05676
0.05222
0.04395
0.03674
0.03354
0.03274
0.03251
0.03459
0.03987
0.04668
0.0544
0.06266
0.06949
0.07146
0.07424
0.07145
0.06414
0.05939
0.05313
0.04606
0.03826
0.03341
0.03224
0.03077
0.03252
0.03467
0.04213
0.04926
0.05477
0.06094
0.06753
0.07049
0.07218
0.06997
0.06727
0.06038
0.05539
0.05011
0.04376
0.03571
0.03108
0.03026
0.03121
0.03503
0.04243
0.04798
0.05661
0.06442
0.06908
0.07347
0.07654
0.07617
0.07341
0.06648
0.05916
0.0544
0.04598
0.04022
0.03735
0.03606
0.03862
0.04856
0.0455
0.0494
0.05501
0.0647
0.0712
0.07441
0.07682
0.07603
0.07188
0.06544
0.05753
0.05128
0.04283
0.03604
0.03206
0.03027
0.0295
0.03084
0.03608
0.04213
0.04996
0.05875
0.06468
0.06844
0.07138
0.0688
0.063
0.05894
0.05201
0.04489
0.0379
0.0337
0.03006
0.02816
0.03012
0.03251
0.03801
0.04433
0.05068
0.0575
0.0639
0.06814
0.06991
0.06896
0.06717
0.06038
0.05574
0.04861
0.04155
0.03562
0.02957
0.02837
0.02778
0.031
0.0375
0.0425
0.05191
0.05903
0.06552
0.06971
0.0739
0.0746
0.07258
0.06612
0.05971
0.05246
0.04544
0.03972
0.03517
0.03364
0.03495
0.0441
0.0417
0.04408
0.05265
0.0595
0.06576
0.07014
0.07287
0.07339
0.06949
0.06336
0.05684
0.05111
0.04224
0.03512
0.03046
0.0278
0.02597
0.0272
0.03142
0.03663
0.04419
0.05307
0.05941
0.06417
0.06788
0.06532
0.06094
0.05845
0.05144
0.0447
0.03752
0.03195
0.02857
0.02578
0.02691
0.02847
0.03335
0.0383
0.04597
0.05264
0.05852
0.06405
0.06666
0.06686
0.06515
0.05951
0.05555
0.04853
0.04146
0.03587
0.02849
0.02625
0.02512
0.02819
0.03321
0.03905
0.04626
0.05403
0.06031
0.06576
0.07101
0.0716
0.07016
0.06511
0.0582
0.05138
0.04404
0.03785
0.03332
0.03078
0.03138
0.03897
0.03528
0.0389
0.0468
0.05396
0.06027
0.06628
0.06943
0.07067
0.06764
0.06425
0.0564
0.04997
0.04074
0.03434
0.02861
0.02512
0.02277
0.02333
0.02736
0.03211
0.0402
0.04824
0.05472
0.06043
0.06391
0.06215
0.05934
0.05696
0.04968
0.04321
0.0357
0.03117
0.02653
0.0238
0.02359
0.0249
0.02922
0.03408
0.0409
0.04789
0.05454
0.06013
0.06273
0.06451
0.06313
0.05886
0.05471
0.04744
0.04061
0.03258
0.02661
0.02433
0.02209
0.02391
0.02801
0.03357
0.04076
0.04756
0.05537
0.06089
0.06695
0.06856
0.0676
0.06309
0.05697
0.05007
0.04321
0.03661
0.03162
0.0281
0.02745
0.03369
0.03021
0.03186
0.03924
0.04818
0.05502
0.06137
0.06557
0.06755
0.06518
0.06056
0.056
0.04922
0.03967
0.03324
0.02795
0.02297
0.01993
0.02009
0.02311
0.02739
0.03491
0.04354
0.04986
0.05543
0.06017
0.05854
0.05741
0.05475
0.0494
0.04305
0.03669
0.03078
0.02614
0.02233
0.02051
0.02161
0.02522
0.02964
0.03521
0.04352
0.05027
0.05652
0.05927
0.06201
0.06143
0.05789
0.05392
0.04779
0.04028
0.0327
0.0257
0.02166
0.01973
0.021
0.02378
0.02876
0.0357
0.04332
0.05039
0.0569
0.06289
0.06563
0.06554
0.06256
0.05721
0.05045
0.04379
0.03605
0.02971
0.02573
0.0243
0.02898
0.02482
0.028
0.03473
0.04208
0.04972
0.05622
0.06069
0.06355
0.06201
0.05891
0.0548
0.05022
0.03884
0.03177
0.02588
0.02044
0.019182
0.0188
0.02098
0.02398
0.02956
0.03778
0.04442
0.05043
0.0551
0.05464
0.05455
0.05238
0.04723
0.04188
0.03425
0.02886
0.02362
0.01986
0.019874
0.02016
0.02283
0.02534
0.03034
0.03688
0.04462
0.05123
0.055
0.05795
0.05793
0.05624
0.05297
0.0474
0.03935
0.03138
0.02593
0.01988
0.018899
0.019621
0.02156
0.02539
0.03051
0.03731
0.04472
0.05231
0.05839
0.06179
0.0613
0.05897
0.0541
0.04805
0.04085
0.03277
0.02705
0.02278
0.02053
0.02382
0.01931
0.0252
0.0296
0.03684
0.04358
0.05044
0.05617
0.05859
0.05829
0.0551
0.05303
0.0462
0.03787
0.03119
0.02517
0.01934
0.016826
0.01573
0.017033
0.02023
0.02474
0.03237
0.0381
0.04527
0.04927
0.04937
0.05022
0.04914
0.04457
0.03931
0.03328
0.02833
0.02242
0.01927
0.017067
0.016808
0.018775
0.02095
0.02592
0.0326
0.03923
0.04489
0.04979
0.05318
0.05368
0.05318
0.0498
0.04446
0.03827
0.02937
0.02324
0.00188
0.016685
0.016303
0.017184
0.02143
0.02535
0.03069
0.03837
0.04671
0.05218
0.05618
0.05696
0.05528
0.05161
0.04583
0.03925
0.03218
0.02583
0.02086
0.019741
0.02126
0.01794
0.02035
0.02471
0.02997
0.03699
0.04422
0.04897
0.05262
0.05301
0.05071
0.0492
0.04278
0.03583
0.02804
0.02189
0.018416
0.014088
0.012449
0.012993
0.015828
0.0213
0.02401
0.03224
0.03878
0.04288
0.04385
0.04624
0.04532
0.04158
0.03669
0.03171
0.02569
0.02127
0.01817
0.014874
0.013215
0.014017
0.017002
0.02171
0.02656
0.03285
0.03898
0.04417
0.0488
0.049
0.05014
0.04701
0.04343
0.03549
0.0279
0.02176
0.018102
0.014316
0.012947
0.013295
0.016373
0.02159
0.0252
0.03191
0.03963
0.04606
0.05006
0.05191
0.05127
0.04841
0.0433
0.03728
0.02914
0.02333
0.019677
0.016119
0.016277
0.01366
0.014926
0.019958
0.02523
0.03082
0.03771
0.044
0.04763
0.0489
0.04864
0.04752
0.04135
0.03408
0.02782
0.02156
0.016859
0.012207
0.009681
0.009282
0.011364
0.015964
0.02229
0.02651
0.03354
0.03774
0.04005
0.04298
0.04265
0.04138
0.03615
0.03152
0.02569
0.0192
0.017043
0.012148
0.010294
0.010424
0.01333
0.017221
0.02295
0.02814
0.03448
0.04023
0.04504
0.04622
0.04822
0.04575
0.04135
0.03503
0.02813
0.02059
0.016412
0.012297
0.010156
0.009564
0.011301
0.016018
0.02161
0.02687
0.03361
0.04058
0.04633
0.0489
0.04912
0.04693
0.04218
0.03633
0.02832
0.02139
0.017706
0.01343
0.012025
0.009733
0.01027
0.014846
0.02065
0.02523
0.03068
0.03818
0.0424
0.04518
0.04608
0.04539
0.03972
0.03333
0.0271
0.02016
0.015972
0.01075
0.00763
0.006503
0.00796
0.011679
0.016111
0.02351
0.02622
0.03275
0.03676
0.03959
0.04023
0.03873
0.03594
0.03075
0.02592
0.01948
0.0151
0.0106
0.008012
0.00735
0.009065
0.012905
0.018458
0.02494
0.02889
0.03528
0.0407
0.04332
0.04569
0.04438
0.04011
0.03429
0.02702
0.02147
0.015701
0.011047
0.007748
0.006761
0.0082
0.011911
0.017147
0.02369
0.02923
0.03614
0.04166
0.04525
0.04608
0.04499
0.0406
0.03583
0.02754
0.02033
0.016656
0.011675
0.008497
0.006554
0.00685
0.010119
0.015373
0.02201
0.02691
0.03473
0.03949
0.04286
0.04523
0.04441
0.03976
0.03427
0.02839
0.02104
0.015144
0.009747
0.006151
0.004404
0.005118
0.008142
0.013044
0.019443
0.02511
0.02851
0.03365
0.03747
0.0385
0.03789
0.0339
0.031
0.02534
0.01908
0.015163
0.009644
0.006383
0.005008
0.006069
0.009347
0.014249
0.019622
0.0251
0.03233
0.0378
0.04187
0.04446
0.04337
0.041
0.03437
0.02741
0.02145
0.01605
0.010598
0.006437
0.004662
0.005163
0.008115
0.013041
0.019469
0.02499
0.03266
0.03863
0.04268
0.04481
0.04381
0.04064
0.03538
0.02856
0.02104
0.015689
0.010378
0.005883
0.004136
0.004067
0.006666
0.011218
0.016704
0.02485
0.03015
0.03605
0.04025
0.04309
0.04339
0.03853
0.03394
0.02903
0.02145
0.016402
0.009714
0.005809
0.003074
0.002984
0.005405
0.00977
0.015692
0.0222
0.02519
0.03059
0.03465
0.03632
0.03651
0.03371
0.0312
0.02501
0.01963
0.01487
0.009492
0.00548
0.003349
0.003629
0.006301
0.010848
0.017223
0.02341
0.02819
0.03364
0.03886
0.04232
0.04199
0.03963
0.03393
0.02842
0.02119
0.016919
0.011127
0.005991
0.003081
0.002842
0.005335
0.009686
0.015746
0.02325
0.02888
0.0345
0.03954
0.04235
0.04208
0.03957
0.03436
0.02856
0.02127
0.015407
