0.0005826
0.0005207
0.000518
0.0005344
0.0005278
0.0005487
0.000532
0.0005265
0.0005143
0.0005246
0.0005271
0.0005102
0.000518
0.0005166
0.0005318
0.0005238
0.0005092
0.0005241
0.000521
0.0005331
0.0004636
0.0004664
0.0004518
0.000461
0.0004677
0.0004563
0.0004387
0.0004259
0.0004509
0.0004398
0.0004726
0.0004733
0.0004554
0.0004371
0.0004535
0.0004747
0.0004546
0.0004489
0.0004719
0.0004705
0.0004668
0.0004867
0.0005116
0.0004982
0.0005185
0.0005186
0.0005337
0.0005312
0.0005671
0.0005843
0.0005835
0.0005764
0.0006003
0.0006003
0.0005642
0.0005665
0.0005816
0.0006059
0.0005963
0.0005896
0.0006108
0.0005619
0.0005849
0.0005955
0.0006172
0.0006078
0.000622
0.0006126
0.0005671
0.0005957
0.0006278
0.0006393
0.0006092
0.0006181
0.0011099
0.0013667
0.0014053
0.0014389
0.0013994
0.0013864
0.0013848
0.001378
0.00137
0.0013474
0.001397
0.0013831
0.00137
0.0013501
0.0013909
0.0013502
0.0013698
0.0013881
0.001359
0.0013735
0.0013951
0.0013836
0.0013671
0.001365
0.0014004
0.0013863
0.0013933
0.0014062
0.0013979
0.0013796
0.0013742
0.0014234
0.0014034
0.0013869
0.0013628
0.0013509
0.0013036
0.0013298
0.0013553
0.0013584
0.0013575
0.0013431
0.0013384
0.0012951
0.0012956
0.0013324
0.0013274
0.0013337
0.0013243
0.0013208
0.0012797
0.0012832
0.0013037
0.0013011
0.0013026
0.0012846
0.0013036
0.0012733
0.0012639
0.0012889
0.0012961
0.0012778
0.0012302
0.0012424
0.0012408
0.0012684
0.0012787
0.0012763
0.0012711
0.0012531
0.0012627
0.0012382
0.002461
0.003098
0.003087
0.003078
0.003036
0.002975
0.002946
0.002938
0.002955
0.00295
0.00294
0.002926
0.002914
0.0029
0.002899
0.002966
0.00299
0.003006
0.003035
0.003053
0.003049
0.003062
0.003077
0.003084
0.00307
0.003059
0.003051
0.003049
0.003034
0.003049
0.003044
0.00303
0.003011
0.002987
0.002984
0.002904
0.00288
0.00287
0.0029
0.002927
0.002957
0.002965
0.002929
0.002917
0.002927
0.002956
0.00296
0.002968
0.002988
0.002952
0.002936
0.002955
0.002956
0.00294
0.002948
0.002965
0.002956
0.002964
0.00294
0.002922
0.002923
0.002889
0.002828
0.002805
0.002863
0.002948
0.002975
0.002971
0.002956
0.002918
0.002909
0.002962
0.004928
0.005962
0.00592
0.005905
0.005806
0.005666
0.005662
0.005682
0.005697
0.00569
0.005692
0.005676
0.005622
0.005632
0.005666
0.005749
0.005823
0.005914
0.005937
0.005999
0.00606
0.006097
0.006104
0.006118
0.006124
0.006117
0.006075
0.006099
0.006131
0.006132
0.006131
0.006136
0.006131
0.006045
0.006009
0.005957
0.005946
0.005843
0.005882
0.00599
0.00603
0.006097
0.006078
0.006008
0.006052
0.006122
0.006157
0.006155
0.006174
0.006195
0.006215
0.006198
0.006172
0.006183
0.006182
0.006202
0.006267
0.006254
0.006167
0.006184
0.006178
0.006031
0.005927
0.005942
0.006021
0.006187
0.006271
0.006245
0.006165
0.006135
0.00615
0.006197
0.008105
0.009934
0.009865
0.009812
0.009716
0.009523
0.009445
0.009443
0.009509
0.009512
0.009497
0.009453
0.009432
0.00941
0.009403
0.009586
0.009701
0.009807
0.009974
0.010005
0.010043
0.010141
0.01021
0.010205
0.010204
0.010166
0.010134
0.010153
0.01016
0.010181
0.010174
0.010125
0.010114
0.010014
0.010025
0.009923
0.009691
0.009652
0.009741
0.009779
0.009888
0.00997
0.009941
0.009828
0.009832
0.009961
0.009997
0.010034
0.010149
0.010123
0.010039
0.01009
0.010058
0.009987
0.009975
0.010082
0.010118
0.010124
0.009977
0.009901
0.009951
0.009779
0.009546
0.009445
0.009707
0.009979
0.010059
0.010073
0.009974
0.009866
0.009885
0.009998
0.013953
0.014932
0.014821
0.01476
0.014647
0.014288
0.014156
0.014235
0.014263
0.014253
0.014239
0.014215
0.014154
0.014074
0.014104
0.014327
0.014488
0.014682
0.01477
0.014713
0.014977
0.01511
0.015118
0.01516
0.015153
0.015133
0.015081
0.015011
0.015042
0.015029
0.014997
0.014979
0.014922
0.014918
0.014746
0.014579
0.014569
0.014252
0.014244
0.014487
0.014616
0.014728
0.014691
0.014437
0.014507
0.014739
0.014756
0.014794
0.014899
0.014909
0.014908
0.014864
0.014766
0.014777
0.014808
0.014882
0.014983
0.014954
0.014828
0.014738
0.014741
0.014503
0.014104
0.013961
0.014267
0.014636
0.014906
0.014885
0.014767
0.014691
0.014682
0.014818
0.019456
0.02099
0.02084
0.02077
0.02061
0.02022
0.019921
0.01997
0.02008
0.02012
0.02009
0.02007
0.019984
0.019892
0.019953
0.0202
0.0205
0.02059
0.02089
0.02097
0.02098
0.02133
0.02147
0.02146
0.02149
0.02138
0.02127
0.02127
0.02127
0.02122
0.02119
0.0211
0.0211
0.02096
0.02097
0.02074
0.0204
0.02008
0.02034
0.02044
0.02057
0.02075
0.02065
0.02046
0.02041
0.02062
0.02082
0.02091
0.021
0.02103
0.02093
0.02096
0.02098
0.02085
0.02081
0.021
0.02116
0.02121
0.02103
0.02071
0.02086
0.02064
0.019953
0.01965
0.019982
0.02051
0.02095
0.02101
0.02092
0.02071
0.02069
0.02088
0.02532
0.02556
0.02538
0.02498
0.02503
0.02444
0.02382
0.02401
0.02418
0.0242
0.02424
0.0241
0.02407
0.02396
0.0239
0.02413
0.02451
0.0248
0.02503
0.02501
0.02532
0.0257
0.02576
0.02587
0.0259
0.02593
0.02578
0.0256
0.02553
0.02546
0.02547
0.02519
0.02531
0.02534
0.02517
0.02486
0.0248
0.02428
0.02411
0.02428
0.02473
0.02491
0.0248
0.02457
0.02434
0.02501
0.02503
0.02501
0.02508
0.02532
0.02526
0.02529
0.02518
0.02515
0.02514
0.02528
0.02545
0.02564
0.02545
0.0252
0.02509
0.02496
0.02402
0.02367
0.02387
0.02446
0.02509
0.02545
0.02536
0.02514
0.02504
0.02517
0.03048
0.03242
0.03235
0.03206
0.03187
0.03128
0.03077
0.03065
0.03074
0.03078
0.03086
0.03072
0.03069
0.03056
0.03041
0.03088
0.03135
0.03149
0.03181
0.0321
0.03205
0.03215
0.033
0.0329
0.03286
0.03293
0.03276
0.03265
0.03271
0.03241
0.03232
0.03224
0.03211
0.03205
0.03199
0.03205
0.03143
0.03089
0.03068
0.0311
0.03126
0.03161
0.03182
0.03145
0.03112
0.03125
0.03164
0.03194
0.03214
0.0322
0.0321
0.03211
0.03224
0.032
0.03199
0.03205
0.03237
0.03266
0.03257
0.03185
0.03194
0.0321
0.03077
0.03011
0.03035
0.0311
0.03205
0.03234
0.03233
0.03209
0.03197
0.03222
0.03722
0.03835
0.03824
0.03769
0.03761
0.03699
0.03619
0.03576
0.03622
0.03634
0.03627
0.03644
0.03614
0.03624
0.03605
0.0363
0.03703
0.03731
0.0377
0.03779
0.03785
0.03841
0.03863
0.03883
0.03904
0.03898
0.0389
0.03863
0.03841
0.03835
0.03827
0.0381
0.03788
0.03797
0.03801
0.03769
0.03747
0.03667
0.03632
0.03643
0.03716
0.0373
0.03777
0.0373
0.03653
0.03688
0.0375
0.03745
0.03769
0.03817
0.03796
0.03785
0.03787
0.03785
0.03779
0.03799
0.03817
0.03849
0.03839
0.03804
0.03788
0.03774
0.03685
0.03563
0.03548
0.03656
0.03759
0.03807
0.03827
0.03806
0.03787
0.03817
0.04379
0.04588
0.04589
0.04535
0.04512
0.04439
0.04352
0.04312
0.04343
0.04359
0.04371
0.04367
0.04358
0.04349
0.04329
0.04343
0.04418
0.04472
0.04522
0.04549
0.04542
0.0455
0.04616
0.04649
0.04652
0.04668
0.04636
0.04622
0.0463
0.0457
0.04564
0.04551
0.04541
0.04535
0.04533
0.04533
0.04448
0.04371
0.04356
0.04414
0.04431
0.04462
0.04494
0.04469
0.04387
0.04386
0.04447
0.04488
0.04509
0.04535
0.04555
0.04542
0.04517
0.04516
0.04498
0.04526
0.0454
0.04591
0.04608
0.04526
0.045
0.0454
0.04404
0.04277
0.04235
0.04333
0.045
0.04559
0.04573
0.04555
0.04535
0.04572
0.05133
0.05238
0.05243
0.05182
0.05153
0.05116
0.04978
0.04913
0.04942
0.04973
0.04987
0.0498
0.04996
0.04968
0.0494
0.04959
0.05048
0.05097
0.05127
0.05172
0.05203
0.05223
0.0526
0.05274
0.05299
0.05328
0.05315
0.05259
0.05242
0.05245
0.05204
0.05186
0.05152
0.05157
0.05175
0.05177
0.05132
0.05057
0.04986
0.05008
0.05083
0.05086
0.0516
0.05081
0.04982
0.0503
0.05081
0.05102
0.05158
0.05203
0.05176
0.05146
0.05156
0.05166
0.05123
0.05147
0.05185
0.05221
0.05219
0.0521
0.05166
0.05176
0.05088
0.0489
0.04824
0.04928
0.05072
0.05204
0.05224
0.05208
0.05185
0.05228
0.05725
0.05941
0.05972
0.05899
0.05825
0.05788
0.05649
0.05569
0.05621
0.05645
0.05652
0.05668
0.05682
0.05657
0.05617
0.0564
0.05707
0.05806
0.05842
0.05892
0.05895
0.05882
0.05961
0.06
0.06017
0.06036
0.06014
0.05979
0.06019
0.05963
0.059
0.05889
0.05849
0.05878
0.0589
0.05858
0.0584
0.0575
0.05655
0.05688
0.05774
0.05807
0.05882
0.0583
0.05721
0.05668
0.05803
0.05896
0.05847
0.05852
0.05883
0.05883
0.05862
0.05864
0.05857
0.05856
0.05868
0.0595
0.05983
0.0592
0.05877
0.05899
0.0583
0.05604
0.05469
0.05586
0.0575
0.05882
0.05937
0.05948
0.05915
0.05969
0.06522
0.06579
0.06592
0.06515
0.06477
0.06431
0.06264
0.06159
0.06181
0.06226
0.06245
0.06244
0.0627
0.06256
0.06219
0.06226
0.063
0.06386
0.06451
0.06487
0.06492
0.06499
0.0654
0.06574
0.06619
0.06633
0.06654
0.06632
0.06567
0.06583
0.06492
0.06477
0.06419
0.06428
0.06433
0.06478
0.06423
0.06386
0.06264
0.0629
0.06378
0.06422
0.06437
0.06436
0.06332
0.06277
0.06376
0.0637
0.06378
0.06503
0.06479
0.06435
0.06461
0.06456
0.06386
0.06411
0.06451
0.06532
0.06569
0.06553
0.06488
0.06452
0.06436
0.06205
0.06041
0.06088
0.06318
0.06501
0.0655
0.06541
0.0651
0.06573
0.06887
0.07029
0.07051
0.06983
0.06899
0.06877
0.06752
0.06563
0.06587
0.06618
0.06648
0.06667
0.06676
0.06676
0.06649
0.06635
0.06734
0.06847
0.0688
0.06938
0.06935
0.06916
0.06959
0.0701
0.0702
0.07054
0.07068
0.07049
0.07013
0.07006
0.06916
0.06919
0.06917
0.06826
0.06873
0.06864
0.06891
0.06832
0.06667
0.06715
0.06792
0.06811
0.06879
0.06899
0.06786
0.06658
0.06736
0.0684
0.06828
0.06858
0.06931
0.06893
0.06816
0.06799
0.06809
0.06823
0.06859
0.06931
0.06986
0.06924
0.06814
0.0688
0.06897
0.06606
0.06428
0.06516
0.06643
0.06864
0.06917
0.0694
0.06929
0.07004
0.07414
0.07532
0.07537
0.07489
0.07416
0.07361
0.07197
0.0704
0.07038
0.0709
0.07085
0.07115
0.07148
0.07124
0.07113
0.07084
0.07185
0.07289
0.07357
0.0741
0.07425
0.07366
0.07421
0.07452
0.07474
0.07526
0.07552
0.07543
0.0748
0.07514
0.07503
0.07434
0.0734
0.07291
0.07371
0.07428
0.07373
0.07291
0.07212
0.07161
0.07289
0.07316
0.07388
0.0741
0.0726
0.07136
0.07226
0.07278
0.07306
0.07421
0.0741
0.07305
0.07283
0.07343
0.0728
0.07283
0.07327
0.07364
0.07415
0.07423
0.07347
0.07329
0.074
0.07239
0.06877
0.06958
0.07089
0.07326
0.07416
0.07425
0.0741
0.07505
0.07825
0.07921
0.07937
0.0791
0.07772
0.07754
0.0766
0.07396
0.07364
0.07435
0.07466
0.07488
0.07498
0.07512
0.07496
0.07485
0.07519
0.077
0.07734
0.07769
0.07828
0.07806
0.07815
0.07857
0.07874
0.07943
0.07941
0.07928
0.07917
0.07957
0.07871
0.07806
0.07769
0.07698
0.07782
0.07705
0.07734
0.07724
0.07627
0.0749
0.07632
0.07722
0.07766
0.07813
0.07729
0.07562
0.07581
0.07781
0.07724
0.07705
0.07764
0.07796
0.07712
0.07725
0.07715
0.07697
0.07695
0.07743
0.07824
0.07848
0.07771
0.0773
0.07834
0.07597
0.07306
0.07319
0.0748
0.07693
0.07811
0.07872
0.07858
0.07961
0.08059
0.08059
0.08036
0.08049
0.07954
0.07858
0.07782
0.07613
0.07472
0.0754
0.07545
0.07565
0.07613
0.07608
0.07606
0.07595
0.07627
0.07768
0.07835
0.07907
0.0797
0.07885
0.07866
0.07962
0.07955
0.08009
0.08077
0.08041
0.07971
0.08021
0.07947
0.07912
0.07861
0.07797
0.07754
0.07898
0.07871
0.07766
0.07762
0.07664
0.07731
0.07832
0.0786
0.07918
0.07834
0.07739
0.07739
0.07792
0.07787
0.07858
0.0791
0.07849
0.07801
0.07877
0.07767
0.07708
0.07792
0.0781
0.07885
0.07924
0.07865
0.07806
0.07846
0.078
0.07444
0.07382
0.07533
0.07744
0.079
0.07959
0.07945
0.08003
0.07898
0.07905
0.07914
0.07931
0.07802
0.07754
0.07687
0.07471
0.07325
0.07369
0.07434
0.07452
0.07441
0.07482
0.07447
0.07446
0.07489
0.07617
0.07719
0.07772
0.07777
0.07815
0.0774
0.07777
0.0779
0.0783
0.0787
0.07894
0.0788
0.07856
0.07839
0.07771
0.07773
0.07661
0.07653
0.07692
0.0775
0.07754
0.07658
0.07485
0.07527
0.077
0.07722
0.07797
0.07776
0.07569
0.07507
0.07636
0.07695
0.07642
0.07758
0.07762
0.0763
0.07599
0.07604
0.07608
0.07581
0.07639
0.07722
0.07742
0.07701
0.0765
0.07684
0.07692
0.07386
0.07214
0.07394
0.07602
0.0775
0.07777
0.07787
0.07825
0.07794
0.07778
0.07781
0.07808
0.077
0.07637
0.07578
0.0739
0.07242
0.07233
0.07282
0.07308
0.0732
0.07338
0.07334
0.07319
0.07341
0.07484
0.07554
0.07623
0.07668
0.07594
0.07588
0.07645
0.07665
0.07683
0.07711
0.07753
0.07735
0.07722
0.07766
0.07721
0.07646
0.07576
0.0754
0.07628
0.07611
0.07522
0.07479
0.07444
0.07491
0.07571
0.07644
0.07696
0.07658
0.07574
0.07467
0.07542
0.07575
0.07627
0.07663
0.07566
0.07489
0.07564
0.07524
0.07499
0.07531
0.07542
0.07575
0.07609
0.07574
0.0755
0.07584
0.07613
0.07325
0.0715
0.07246
0.07462
0.07636
0.07678
0.07681
0.07762
0.07797
0.07872
0.07867
0.07889
0.07834
0.07717
0.07646
0.07428
0.07286
0.07312
0.07377
0.07377
0.0739
0.07404
0.07413
0.07401
0.07406
0.07528
0.07658
0.07697
0.07742
0.07778
0.07766
0.07693
0.07712
0.07736
0.07772
0.07834
0.07824
0.07819
0.07823
0.07788
0.07736
0.07651
0.07674
0.07672
0.07622
0.07689
0.07648
0.07557
0.07564
0.07714
0.07755
0.07796
0.0783
0.07663
0.07576
0.07678
0.07734
0.07681
0.07696
0.07747
0.07677
0.07623
0.07681
0.07658
0.07579
0.07587
0.07639
0.07692
0.07714
0.07658
0.07677
0.07749
0.07449
0.07263
0.07345
0.07531
0.07692
0.07771
0.07814
0.07802
0.07771
0.07687
0.07703
0.07715
0.07658
0.07566
0.07477
0.07344
0.0716
0.07113
0.07173
0.07183
0.07185
0.07217
0.07206
0.07209
0.07207
0.07291
0.07429
0.07501
0.0758
0.0757
0.07482
0.07509
0.0749
0.07513
0.07555
0.07587
0.07602
0.07598
0.07623
0.07571
0.07551
0.07447
0.07428
0.07423
0.07493
0.07467
0.0746
0.07399
0.07344
0.07435
0.07528
0.07639
0.07644
0.07521
0.07383
0.07448
0.07482
0.07486
0.07534
0.07509
0.07472
0.07494
0.07419
0.07334
0.07344
0.07395
0.07419
0.07451
0.07447
0.0742
0.07472
0.07512
0.07311
0.07099
0.07131
0.07256
0.07515
0.07569
0.0758
0.07597
0.07334
0.07213
0.07214
0.07245
0.07199
0.07143
0.07084
0.06926
0.06739
0.067
0.06743
0.06759
0.06767
0.0678
0.06785
0.06781
0.06786
0.06882
0.07015
0.07087
0.07096
0.07152
0.07093
0.07026
0.07058
0.07073
0.07118
0.07164
0.07192
0.0718
0.07213
0.07193
0.07156
0.07134
0.07052
0.07057
0.07109
0.07136
0.0709
0.06971
0.06836
0.07101
0.07146
0.07202
0.07242
0.07146
0.07016
0.07023
0.07119
0.07086
0.07096
0.07185
0.07105
0.07016
0.07002
0.0701
0.06966
0.06964
0.07033
0.07046
0.07073
0.07023
0.07021
0.07087
0.06959
0.06734
0.06739
0.06889
0.0708
0.07145
0.07146
0.07109
0.0709
0.07034
0.07044
0.07062
0.07079
0.06979
0.06916
0.06804
0.06591
0.06511
0.06544
0.066
0.06609
0.06618
0.0663
0.06612
0.06611
0.06719
0.0684
0.06936
0.06972
0.07004
0.06948
0.06983
0.06986
0.06943
0.06969
0.07025
0.07072
0.07079
0.07079
0.07089
0.07065
0.07011
0.06993
0.06995
0.0702
0.06983
0.06877
0.06905
0.0686
0.06963
0.07079
0.07076
0.07166
0.0707
0.06974
0.06973
0.07049
0.07015
0.07068
0.0708
0.06996
0.06967
0.0699
0.06926
0.06897
0.06939
0.06901
0.06971
0.06972
0.0693
0.06877
0.06987
0.06915
0.06653
0.06642
0.06775
0.06959
0.07062
0.07062
0.0704
0.06667
0.06667
0.06659
0.06684
0.06681
0.06621
0.06558
0.0645
0.06231
0.06144
0.06196
0.06215
0.06212
0.06228
0.06229
0.06219
0.06224
0.0623
0.0639
0.06493
0.06518
0.06588
0.06602
0.06538
0.06513
0.06512
0.06524
0.06578
0.06618
0.0659
0.06623
0.06654
0.06634
0.0662
0.06549
0.06525
0.06507
0.06508
0.06522
0.06468
0.0639
0.06545
0.06595
0.06601
0.06736
0.06717
0.06532
0.06512
0.06573
0.06595
0.06593
0.06614
0.06583
0.06485
0.06543
0.06535
0.06459
0.06461
0.06445
0.06501
0.0652
0.06475
0.0643
0.06552
0.06602
0.06305
0.06204
0.06324
0.06529
0.06626
0.06635
0.06581
0.0616
0.05914
0.05976
0.05988
0.06009
0.05977
0.05883
0.0581
0.0564
0.05529
0.05547
0.0559
0.05585
0.05598
0.05604
0.05588
0.05596
0.05617
0.0575
0.05826
0.05924
0.05956
0.05864
0.05891
0.05877
0.0585
0.05866
0.05896
0.05923
0.0595
0.05966
0.05997
0.05999
0.05975
0.05905
0.05878
0.05892
0.05877
0.05833
0.05836
0.05779
0.0575
0.05895
0.05955
0.06021
0.06014
0.05872
0.05854
0.05944
0.05937
0.05914
0.05946
0.05927
0.0588
0.05861
0.05819
0.05765
0.05778
0.05778
0.05814
0.05823
0.05797
0.05776
0.05843
0.05859
0.0565
0.05553
0.05646
0.05809
0.05909
0.05904
0.05849
0.05435
0.0524
0.05276
0.05348
0.05334
0.05289
0.05212
0.0516
0.05017
0.04947
0.04939
0.04941
0.04947
0.04977
0.04954
0.04956
0.04945
0.04963
0.0508
0.05135
0.05157
0.05261
0.05231
0.05174
0.05158
0.05148
0.05161
0.05195
0.05228
0.05223
0.05257
0.05323
0.05274
0.05271
0.05212
0.05185
0.05193
0.05218
0.05176
0.05114
0.04986
0.05095
0.05194
0.05233
0.05283
0.0527
0.05222
0.05151
0.05208
0.05203
0.0519
0.05205
0.05215
0.05167
0.05134
0.05127
0.05073
0.05071
0.05086
0.05134
0.05133
0.05105
0.05054
0.051
0.05147
0.05012
0.04876
0.04969
0.0509
0.05176
0.05237
0.05179
0.04707
0.04523
0.0457
0.04582
0.04606
0.04591
0.04537
0.04464
0.04401
0.04272
0.04248
0.04259
0.04274
0.04276
0.04279
0.04271
0.04257
0.04258
0.04348
0.04432
0.04469
0.04508
0.04508
0.04493
0.04518
0.0449
0.0447
0.04494
0.04512
0.04551
0.04551
0.04554
0.0457
0.04579
0.04546
0.04504
0.04498
0.04479
0.0442
0.04396
0.04395
0.04384
0.04465
0.04535
0.04596
0.04598
0.04549
0.04478
0.04514
0.04539
0.04511
0.04549
0.0455
0.04511
0.0449
0.04469
0.04453
0.04453
0.04445
0.04461
0.04456
0.0445
0.0442
0.04428
0.04464
0.0438
0.04302
0.04316
0.04419
0.04523
0.04536
0.04495
0.03884
0.03789
0.03837
0.03851
0.03874
0.03868
0.03827
0.03796
0.03681
0.03611
0.03577
0.03594
0.03586
0.03594
0.03595
0.03581
0.03567
0.03577
0.03629
0.03716
0.03744
0.03771
0.03797
0.03808
0.03771
0.03759
0.03759
0.03778
0.03813
0.03822
0.03789
0.03869
0.03876
0.03872
0.03825
0.03813
0.03807
0.03783
0.03777
0.03754
0.03717
0.03702
0.03768
0.0382
0.03846
0.03904
0.03836
0.03808
0.03799
0.03834
0.0385
0.03848
0.03854
0.03839
0.03802
0.03796
0.03788
0.03752
0.0375
0.03768
0.03783
0.03792
0.03738
0.03745
0.0384
0.03745
0.03641
0.03634
0.03757
0.03853
0.03864
0.03807
0.03463
0.03183
0.03222
0.03238
0.03253
0.03265
0.03227
0.03197
0.03153
0.03078
0.0302
0.03032
0.03046
0.03031
0.03027
0.0303
0.03023
0.0302
0.03048
0.0313
0.03166
0.0321
0.03223
0.03214
0.03218
0.03202
0.03192
0.0321
0.03216
0.03247
0.03257
0.03266
0.033
0.03304
0.03276
0.03246
0.03234
0.03219
0.0321
0.03186
0.03164
0.03122
0.03168
0.03242
0.03271
0.03308
0.03295
0.03211
0.03235
0.03277
0.03269
0.03256
0.03274
0.03253
0.0322
0.03216
0.03209
0.03181
0.0319
0.03187
0.03197
0.03204
0.03163
0.03185
0.03196
0.03199
0.03107
0.03063
0.03145
0.03222
0.03252
0.03219
0.02665
0.02565
0.026
0.02607
0.02621
0.02641
0.02606
0.02594
0.02553
0.02471
0.02439
0.02437
0.02449
0.02442
0.02447
0.02434
0.02429
0.02423
0.02444
0.02499
0.02531
0.02569
0.02593
0.02576
0.02569
0.02571
0.02571
0.0257
0.02578
0.0258
0.02595
0.026
0.02631
0.02613
0.02603
0.02598
0.02584
0.02564
0.02552
0.02534
0.02514
0.02461
0.0252
0.02556
0.02587
0.02613
0.02611
0.02581
0.02566
0.02573
0.02598
0.02587
0.02574
0.0259
0.02579
0.02569
0.0255
0.02538
0.02537
0.02538
0.02553
0.0255
0.02514
0.0251
0.02542
0.02546
0.02471
0.02447
0.02498
0.02553
0.02595
0.02551
0.02175
0.01945
0.01972
0.01979
0.01983
0.02
0.01988
0.01969
0.01957
0.02068
0.02038
0.02042
0.02048
0.02047
0.02045
0.02046
0.02036
0.02036
0.02043
0.02088
0.02122
0.02146
0.02171
0.02166
0.02167
0.02175
0.02159
0.02165
0.02177
0.02194
0.02203
0.02193
0.02208
0.0223
0.02223
0.02215
0.02198
0.0218
0.02187
0.02171
0.02147
0.02124
0.02152
0.02191
0.02215
0.02241
0.02239
0.02206
0.022
0.02229
0.02212
0.02223
0.02247
0.02243
0.02213
0.02216
0.02204
0.02191
0.02194
0.02192
0.02203
0.022
0.02178
0.02172
0.02186
0.02194
0.0214
0.02115
0.02151
0.02208
0.02234
0.0221
0.017303
0.015941
0.016039
0.016192
0.016265
0.016362
0.016258
0.016178
0.016023
0.015602
0.015407
0.015336
0.015419
0.015415
0.015414
0.015376
0.015294
0.015298
0.015312
0.015579
0.015871
0.01607
0.016218
0.016233
0.016178
0.016224
0.016176
0.016141
0.016257
0.016226
0.01615
0.016296
0.016383
0.016435
0.016432
0.016334
0.016243
0.016116
0.015985
0.015829
0.015658
0.015471
0.015579
0.015802
0.015928
0.016146
0.016148
0.015917
0.015751
0.015861
0.016033
0.016035
0.016021
0.015988
0.015878
0.015758
0.015685
0.015599
0.015576
0.015575
0.015637
0.015621
0.0155
0.015414
0.015539
0.015619
0.015224
0.014949
0.015105
0.015566
0.015825
0.015594
0.01164
0.010843
0.010885
0.010932
0.011007
0.011045
0.010995
0.010891
0.010765
0.010599
0.010302
0.010282
0.010293
0.010293
0.010268
0.010226
0.010179
0.010144
0.010119
0.010237
0.010472
0.010514
0.010649
0.010679
0.01066
0.010661
0.01065
0.010632
0.010641
0.01064
0.010661
0.01065
0.010723
0.010805
0.010826
0.010674
0.010702
0.010609
0.010557
0.010496
0.010367
0.010226
0.010288
0.010421
0.010556
0.010696
0.010765
0.01061
0.010566
0.010706
0.010779
0.010698
0.010788
0.010816
0.010715
0.010769
0.010754
0.010699
0.010661
0.010684
0.010716
0.010776
0.010711
0.010685
0.010699
0.010797
0.010645
0.010409
0.010518
0.010812
0.011014
0.010995
0.007349
0.006549
0.006516
0.006564
0.006604
0.006629
0.006615
0.006573
0.006538
0.006431
0.006275
0.006254
0.006257
0.006258
0.006263
0.006264
0.00624
0.006229
0.006225
0.006313
0.006397
0.006516
0.006588
0.006634
0.006649
0.006686
0.00669
0.006686
0.006698
0.006722
0.006722
0.006737
0.006806
0.006833
0.006803
0.006845
0.00684
0.006793
0.006705
0.006684
0.006677
0.006598
0.006569
0.006643
0.006742
0.00684
0.006883
0.006827
0.006779
0.006789
0.006866
0.006893
0.00687
0.006899
0.006924
0.006902
0.006842
0.00683
0.006795
0.006794
0.006818
0.006833
0.006807
0.006741
0.006746
0.006779
0.00668
0.006539
0.006546
0.006699
0.006865
0.006837
0.004188
0.003498
0.003481
0.003493
0.003507
0.00354
0.003536
0.003519
0.003493
0.003472
0.003384
0.003355
0.003354
0.003375
0.003374
0.003371
0.003368
0.003369
0.003355
0.00339
0.003431
0.003468
0.003512
0.003559
0.003561
0.003564
0.003564
0.003581
0.003571
0.003583
0.003601
0.003594
0.003591
0.003605
0.003643
0.003625
0.003618
0.00359
0.003578
0.003583
0.003529
0.003492
0.003468
0.003519
0.003536
0.003582
0.003609
0.003581
0.003564
0.003554
0.003583
0.003586
0.003608
0.00363
0.003601
0.003586
0.003585
0.003556
0.003543
0.003552
0.00355
0.00355
0.003558
0.003506
0.003501
0.003521
0.003483
0.003432
0.003394
0.003483
0.003533
0.003554
0.002146
0.0015392
0.0014982
0.0015056
0.0015344
0.0015189
0.0015172
0.0015014
0.0014895
0.0014912
0.0014544
0.00146
0.0014414
0.001446
0.0014795
0.0014691
0.0014553
0.001444
0.0014573
0.0014488
0.0014802
0.0015007
0.0015167
0.001501
0.0015083
0.001508
0.0015383
0.0015205
0.0015247
0.0015335
0.0015195
0.0014958
0.001518
0.0015439
0.0015304
0.0015132
0.0015221
0.0015349
0.0015152
0.0015251
0.0014918
0.0014814
0.0014878
0.0014883
0.0014997
0.0015128
0.0015396
0.0014852
0.0014923
0.0014733
0.001556
0.0015339
0.0015339
0.0015575
0.001536
0.0015245
0.0014913
0.0015216
0.001521
0.0014987
0.0015189
0.0015183
0.0015541
0.0015318
0.0014987
0.0015085
0.0014843
0.0015057
0.0014932
0.0015171
0.001524
0.0015191
0.0009061
0.0006624
0.0007034
0.0006793
0.0007024
0.0007213
0.0007129
0.00072
0.0006856
0.000716
0.0006897
0.0006812
0.0006898
0.0006988
0.000709
0.0006922
0.0006997
0.0007345
0.0006797
0.000695
0.0007007
0.0007075
0.0007141
0.0007043
0.0007033
0.0006919
0.0007117
0.0007188
0.000718
0.0007159
0.0007065
0.0006943
0.0007128
0.0007322
0.0007152
0.0007321
0.0007016
0.0007104
0.0007386
0.0007258
0.0006987
0.0006912
0.000726
0.0006955
0.0006841
0.0007164
0.0007283
0.0007236
0.0007231
0.0007311
0.0006995
0.0007261
0.000727
0.0006973
0.0007452
0.0007504
0.0007197
0.0007354
0.0007007
0.0007367
0.0007101
0.0007044
0.0007054
0.0007226
0.0006978
0.0007052
0.0007314
0.0007357
0.0007014
0.0007267
0.0007222
0.000699
0.0008764
0.0010539
0.0010077
0.0010377
0.0010762
0.0010522
0.0010146
0.0010378
0.001024
0.0010315
0.0010586
0.0010444
0.0011049
0.0010344
0.0010475
0.0010095
0.0010231
0.0010086
0.0010339
0.0010308
0.0010426
0.0010504
0.0010682
0.0010712
0.0010332
0.0010763
0.0010881
0.0010505
0.0010638
0.0010349
0.0010389
0.0010273
0.0010607
0.0010296
0.0010861
0.0009885
0.0010499
0.0010619
0.0010313
0.0010436
0.0010443
0.0010231
0.0009678
0.0010222
0.0010249
0.0009776
0.0010433
0.0010509
0.0010477
0.0010214
0.0010315
0.0010459
0.0010439
0.0010182
0.0010382
0.0010743
0.0010538
0.0010983
0.0010283
0.0010242
0.0010741
0.0010843
0.0010443
0.0009986
0.001069
0.0010593
0.0010464
0.0010476
0.0010646
0.001018
0.0010323
0.0010472
0.002206
0.002476
0.002453
0.002451
0.002456
0.002453
0.002479
0.002467
0.002448
0.002444
0.002415
0.002378
0.002357
0.002377
0.002373
0.002367
0.002367
0.002372
0.002364
0.00235
0.002377
0.002404
0.002421
0.002458
0.00247
0.002465
0.002468
0.002494
0.002494
0.002491
0.002491
0.00249
0.002486
0.002481
0.0025
0.0025
0.002495
0.002491
0.002477
0.002482
0.002462
0.002432
0.002411
0.002397
0.002413
0.002449
0.002468
0.002463
0.002454
0.002444
0.002453
0.002473
0.00249
0.002504
0.002501
0.002494
0.002507
0.002487
0.002475
0.002491
0.002491
0.002482
0.002503
0.002494
0.002468
0.002471
0.002477
0.002432
0.002385
0.002402
0.002447
0.002507
0.004027
0.005146
0.005069
0.005055
0.00508
0.005106
0.005127
0.005111
0.00509
0.005068
0.004936
0.004897
0.004879
0.004887
0.004893
0.004902
0.004902
0.004869
0.004852
0.004842
0.00488
0.00495
0.005029
0.005048
0.005052
0.005095
0.005137
0.00516
0.005167
0.005181
0.005177
0.005147
0.005132
0.005152
0.00516
0.005161
0.005167
0.005157
0.005152
0.005096
0.00508
0.005007
0.004917
0.004908
0.005002
0.005041
0.005053
0.005077
0.005031
0.004994
0.005066
0.005114
0.005111
0.005115
0.005153
0.005146
0.005114
0.005116
0.005128
0.005102
0.005102
0.005132
0.005147
0.00513
0.005086
0.005073
0.005062
0.004959
0.00489
0.004887
0.005033
0.005156
0.007909
0.008912
0.00881
0.008802
0.00882
0.008863
0.008935
0.008916
0.008855
0.008797
0.008683
0.008504
0.008464
0.0085
0.008525
0.008528
0.0085
0.00849
0.008446
0.008408
0.008519
0.008636
0.008693
0.008793
0.008858
0.008874
0.008991
0.009045
0.009053
0.009042
0.009039
0.009006
0.008971
0.008978
0.009
0.009
0.008935
0.008949
0.008937
0.008912
0.008822
0.008667
0.008589
0.008665
0.008646
0.008698
0.008787
0.008824
0.008764
0.00869
0.008752
0.008848
0.008893
0.008945
0.008967
0.008943
0.008987
0.008975
0.008912
0.008897
0.008904
0.008962
0.009001
0.008944
0.008822
0.00883
0.00885
0.008622
0.008446
0.008492
0.008702
0.008954
0.012312
0.013665
0.013511
0.013478
0.013524
0.013578
0.01368
0.013605
0.013537
0.013445
0.013307
0.012983
0.012955
0.01299
0.013004
0.013055
0.013006
0.012969
0.012928
0.012875
0.012977
0.013149
0.013316
0.013418
0.013521
0.013672
0.013723
0.013754
0.013807
0.013863
0.013854
0.013764
0.013695
0.013736
0.013756
0.013699
0.013708
0.013689
0.013672
0.013537
0.013474
0.0135
0.013225
0.013048
0.01322
0.013297
0.013399
0.013468
0.013338
0.013206
0.01333
0.013482
0.013557
0.01359
0.013697
0.013695
0.01368
0.013634
0.013629
0.013565
0.0136
0.013681
0.013652
0.013627
0.013543
0.013468
0.013512
0.013227
0.012856
0.012916
0.013145
0.013667
0.018115
0.019127
0.018944
0.01886
0.018946
0.018998
0.019106
0.019066
0.018937
0.018844
0.01862
0.018135
0.018098
0.018168
0.018209
0.018255
0.018194
0.018158
0.018112
0.018013
0.018151
0.018448
0.018571
0.018817
0.018942
0.018848
0.019015
0.019327
0.019327
0.019352
0.019371
0.019253
0.019187
0.019216
0.019137
0.019117
0.019065
0.019022
0.018958
0.018971
0.018948
0.018586
0.018377
0.018118
0.018246
0.018429
0.018703
0.018769
0.018518
0.018309
0.01843
0.018685
0.018765
0.018845
0.018967
0.018909
0.01891
0.018873
0.01885
0.018758
0.018827
0.018852
0.019036
0.018975
0.018711
0.018706
0.018746
0.018326
0.017735
0.01773
0.018118
0.018871
0.02366
0.02478
0.02456
0.02442
0.0246
0.02465
0.02473
0.0248
0.02457
0.0245
0.02433
0.02367
0.02349
0.0236
0.02369
0.02376
0.02371
0.02367
0.02362
0.02349
0.02365
0.02399
0.0243
0.02445
0.02458
0.02476
0.02495
0.02518
0.0253
0.02539
0.0232
0.02317
0.02298
0.02287
0.02284
0.02279
0.0227
0.02273
0.02273
0.0227
0.02255
0.02241
0.02194
0.02148
0.02175
0.02226
0.02227
0.0224
0.02235
0.02179
0.02204
0.02222
0.02239
0.02253
0.02274
0.0228
0.02274
0.02268
0.02284
0.02249
0.02263
0.02273
0.02292
0.02303
0.0227
0.02249
0.02242
0.02221
0.02156
0.02113
0.0215
0.02287
0.02828
0.02941
0.02929
0.02898
0.02912
0.02919
0.02922
0.02945
0.02924
0.02904
0.0288
0.02821
0.02774
0.0278
0.02795
0.028
0.02799
0.02788
0.0278
0.02772
0.02773
0.02819
0.02849
0.02858
0.0291
0.029
0.02918
0.02964
0.0299
0.02985
0.02983
0.02987
0.02973
0.02962
0.02956
0.02931
0.02936
0.02923
0.02918
0.02915
0.02909
0.02846
0.02838
0.02805
0.0283
0.02829
0.0286
0.02877
0.02879
0.02843
0.02813
0.02842
0.02884
0.02888
0.02913
0.02924
0.02912
0.02913
0.02914
0.02899
0.02899
0.02917
0.02947
0.02954
0.02905
0.02876
0.02893
0.02853
0.02754
0.02715
0.02753
0.02903
0.03379
0.0359
0.03582
0.03559
0.03552
0.03578
0.03582
0.03603
0.03559
0.03544
0.03528
0.03446
0.03383
0.03392
0.03406
0.03415
0.0342
0.03421
0.03417
0.03398
0.03398
0.0345
0.03482
0.03503
0.03544
0.03562
0.03585
0.03601
0.03624
0.03652
0.03658
0.03663
0.03633
0.03613
0.03623
0.03608
0.03586
0.03568
0.03564
0.03572
0.03554
0.03534
0.03538
0.03426
0.03441
0.03481
0.03497
0.03536
0.03528
0.03495
0.03451
0.03482
0.03539
0.03559
0.03592
0.03586
0.03578
0.03577
0.03578
0.03573
0.03571
0.03583
0.0361
0.03611
0.03616
0.03559
0.03553
0.03507
0.03374
0.03345
0.03375
0.03573
0.04213
0.04316
0.04318
0.0429
0.04274
0.04295
0.04306
0.04333
0.04312
0.04236
0.04217
0.04147
0.04079
0.04067
0.0409
0.04109
0.04119
0.04121
0.04109
0.041
0.04088
0.04118
0.04182
0.04226
0.04282
0.04286
0.04277
0.0433
0.04376
0.04382
0.04401
0.04394
0.04363
0.0438
0.04371
0.04334
0.04307
0.04282
0.04273
0.04282
0.04278
0.04262
0.04216
0.04137
0.04121
0.04149
0.04207
0.04265
0.04241
0.04165
0.04125
0.04154
0.04243
0.04235
0.04254
0.0429
0.04279
0.04274
0.04283
0.04264
0.0426
0.04268
0.04334
0.04344
0.04318
0.04253
0.04288
0.04254
0.04091
0.03991
0.04011
0.04273
0.04776
0.05031
0.0502
0.04998
0.04986
0.05025
0.05027
0.05038
0.05034
0.04972
0.04942
0.04875
0.04756
0.04729
0.04752
0.04776
0.0479
0.04801
0.0479
0.04771
0.04746
0.04772
0.0487
0.0493
0.04965
0.0498
0.04983
0.05012
0.05069
0.05095
0.05118
0.05119
0.05113
0.05072
0.05077
0.05039
0.05005
0.04972
0.04967
0.04975
0.04967
0.04947
0.04883
0.04809
0.04784
0.0488
0.0492
0.04921
0.04947
0.0489
0.04817
0.04851
0.04903
0.04914
0.04983
0.04996
0.04977
0.04972
0.04977
0.04959
0.04947
0.04974
0.05006
0.05052
0.05066
0.04982
0.0494
0.04942
0.04822
0.04666
0.0466
0.04969
0.05487
0.05616
0.05623
0.05571
0.05569
0.05624
0.05636
0.05656
0.05641
0.05549
0.05535
0.05469
0.05337
0.05283
0.05334
0.05345
0.05355
0.05364
0.05359
0.05351
0.05327
0.05349
0.05454
0.05504
0.05542
0.0558
0.05563
0.05616
0.05669
0.05679
0.05697
0.05721
0.05701
0.0567
0.0566
0.05603
0.056
0.05584
0.05527
0.05541
0.05541
0.05533
0.05469
0.05416
0.05379
0.05411
0.05461
0.05497
0.05523
0.05463
0.05351
0.05407
0.05481
0.05478
0.05541
0.05585
0.05563
0.05514
0.05524
0.05518
0.05508
0.05535
0.05586
0.05631
0.05619
0.05535
0.05522
0.05544
0.05395
0.05246
0.05174
0.0552
0.06094
0.06223
0.06262
0.06233
0.06217
0.06305
0.06284
0.06296
0.06296
0.06216
0.06174
0.06125
0.05957
0.05892
0.0591
0.05952
0.05977
0.06002
0.06004
0.05985
0.05966
0.06014
0.06106
0.06162
0.06211
0.06243
0.06224
0.06261
0.06297
0.06337
0.06362
0.06388
0.06375
0.06315
0.06323
0.06333
0.06267
0.06212
0.0617
0.06167
0.06219
0.06196
0.06155
0.06094
0.0598
0.06055
0.06126
0.06164
0.06211
0.06144
0.06046
0.06032
0.06089
0.06145
0.06231
0.06238
0.0619
0.06158
0.06195
0.06168
0.06169
0.06192
0.06249
0.06287
0.06305
0.06242
0.0619
0.06231
0.06173
0.05852
0.05793
0.06153
0.06755
0.06903
0.06927
0.06902
0.06903
0.06967
0.06981
0.06982
0.06997
0.06912
0.0685
0.06798
0.06586
0.06499
0.06534
0.06591
0.06583
0.06601
0.06606
0.06611
0.06576
0.06619
0.06731
0.06771
0.06821
0.06878
0.06854
0.06852
0.06902
0.06933
0.06967
0.06993
0.06983
0.06973
0.06978
0.06893
0.06859
0.06817
0.06746
0.06772
0.06767
0.06762
0.0676
0.06699
0.06568
0.06611
0.06713
0.06747
0.06785
0.06771
0.06568
0.06607
0.06709
0.067
0.06703
0.06759
0.06813
0.06724
0.06753
0.06752
0.06731
0.06734
0.0675
0.0683
0.06852
0.06816
0.06746
0.06772
0.06672
0.06403
0.06289
0.06652
0.06986
0.07268
0.07322
0.07317
0.07269
0.07334
0.07361
0.07374
0.07386
0.07292
0.0724
0.0715
0.06992
0.06835
0.06893
0.06934
0.06957
0.06967
0.06993
0.06969
0.0695
0.0696
0.07094
0.07151
0.07204
0.07269
0.07261
0.07241
0.07286
0.07307
0.07339
0.07399
0.07406
0.07358
0.07345
0.07305
0.07268
0.07187
0.0718
0.07151
0.07178
0.07193
0.0716
0.07134
0.06977
0.07009
0.07148
0.07181
0.07228
0.07193
0.07067
0.07039
0.07093
0.0712
0.07171
0.0722
0.07227
0.07199
0.07197
0.07151
0.07105
0.07176
0.0719
0.07284
0.07312
0.07279
0.07161
0.07193
0.07241
0.06859
0.06715
0.07018
0.0748
0.07634
0.07682
0.07665
0.07632
0.07707
0.07744
0.0775
0.07767
0.07658
0.07608
0.07522
0.07378
0.07199
0.07226
0.07288
0.07291
0.07319
0.0735
0.07329
0.07306
0.07305
0.07423
0.07556
0.07594
0.07645
0.07604
0.0758
0.07628
0.07655
0.07682
0.07724
0.07767
0.07749
0.07725
0.07669
0.07626
0.07626
0.07522
0.07485
0.0751
0.07556
0.07561
0.07482
0.07371
0.07369
0.07504
0.07561
0.07621
0.07628
0.07424
0.0734
0.07454
0.0751
0.0747
0.07592
0.07627
0.0751
0.07462
0.07486
0.07468
0.07468
0.07509
0.07627
0.07644
0.07603
0.07528
0.07566
0.07593
0.07265
0.07113
0.07339
0.0755
0.07622
0.07711
0.07733
0.07684
0.07739
0.07837
0.07795
0.07823
0.07778
0.0767
0.07617
0.0748
0.07289
0.0728
0.07339
0.07348
0.07376
0.0739
0.07399
0.07401
0.07374
0.07457
0.07603
0.0767
0.07695
0.07715
0.07673
0.0773
0.07736
0.07771
0.0781
0.07847
0.07824
0.07783
0.07825
0.07814
0.07703
0.07609
0.0757
0.07663
0.07659
0.07609
0.07557
0.075
0.0748
0.07637
0.07644
0.07724
0.07749
0.0759
0.07495
0.07522
0.07621
0.07664
0.07696
0.07703
0.07599
0.07617
0.07557
0.07584
0.07587
0.07635
0.07687
0.07736
0.07745
0.07639
0.07651
0.07722
0.07414
0.07203
0.07433
0.07404
0.07397
0.07508
0.07524
0.07531
0.07543
0.07616
0.07628
0.07622
0.07641
0.07519
0.07477
0.0734
0.07136
0.07089
0.0714
0.07174
0.07185
0.07203
0.07233
0.07207
0.07194
0.07303
0.07421
0.07437
0.07489
0.07556
0.07496
0.07481
0.07495
0.07522
0.07583
0.07615
0.07608
0.07612
0.07618
0.07578
0.0749
0.07428
0.07333
0.07405
0.074
0.07471
0.07388
0.073
0.07221
0.07423
0.07456
0.07514
0.07554
0.07453
0.07317
0.07357
0.07404
0.07391
0.07435
0.07496
0.07407
0.07354
0.07448
0.07424
0.07334
0.07363
0.07386
0.07494
0.07505
0.07449
0.07377
0.07488
0.07368
0.07042
0.07179
0.07058
0.07316
0.07476
0.07479
0.07463
0.07446
0.07529
0.07561
0.07571
0.07584
0.07442
0.07381
0.07305
0.07076
0.07005
0.07058
0.07094
0.07098
0.07108
0.07106
0.07127
0.07105
0.07129
0.07279
0.07383
0.07427
0.07472
0.07405
0.074
0.07406
0.07409
0.07479
0.07501
0.07513
0.07475
0.07491
0.07485
0.07409
0.07382
0.07363
0.07306
0.07344
0.07338
0.07344
0.0732
0.07203
0.07246
0.07359
0.07394
0.07451
0.07413
0.0728
0.07255
0.07334
0.07322
0.07349
0.07383
0.07362
0.07362
0.07278
0.07255
0.07211
0.07254
0.07282
0.07345
0.07368
0.07348
0.07307
0.07399
0.07366
0.07011
0.071
0.07326
0.07528
0.07648
0.07674
0.0764
0.07658
0.07731
0.07762
0.07777
0.07782
0.07655
0.07588
0.07514
0.07305
0.07184
0.07209
0.07253
0.07264
0.07293
0.07308
0.07297
0.07277
0.07316
0.0747
0.07554
0.07581
0.07658
0.0758
0.07537
0.07573
0.07585
0.07625
0.0766
0.07684
0.07669
0.0767
0.07654
0.07637
0.07602
0.0748
0.07466
0.07499
0.07556
0.07504
0.07388
0.07283
0.07446
0.07523
0.07569
0.07642
0.07552
0.07418
0.0738
0.07529
0.07491
0.07493
0.07607
0.07524
0.07423
0.07406
0.07443
0.07381
0.07401
0.07446
0.07489
0.07536
0.07504
0.07428
0.07475
0.0749
0.0715
0.07227
0.07369
0.07604
0.07708
0.07759
0.07714
0.07707
0.07814
0.07862
0.07833
0.07875
0.078
0.07728
0.07636
0.07435
0.0725
0.07253
0.0732
0.0733
0.07345
0.07419
0.07347
0.07364
0.07348
0.07501
0.07609
0.0767
0.07702
0.07651
0.07634
0.07674
0.07627
0.07649
0.07697
0.07796
0.07724
0.07724
0.0773
0.07696
0.07631
0.07551
0.07517
0.0763
0.0757
0.07419
0.07491
0.07378
0.07453
0.0763
0.07627
0.077
0.07649
0.07532
0.07447
0.07531
0.07571
0.07575
0.07606
0.07542
0.07504
0.07475
0.07485
0.07444
0.07509
0.07442
0.075
0.07542
0.07524
0.07493
0.07505
0.07561
0.07227
0.07214
0.07119
0.07095
0.07223
0.07268
0.07251
0.07235
0.07301
0.0735
0.07348
0.07371
0.07311
0.07214
0.07148
0.06929
0.06775
0.0676
0.06807
0.06817
0.06828
0.06845
0.06839
0.06816
0.06825
0.06917
0.07044
0.07086
0.07143
0.07194
0.07096
0.07086
0.07076
0.0707
0.07141
0.07159
0.07146
0.07147
0.07166
0.07148
0.07105
0.07001
0.06972
0.06977
0.06991
0.07016
0.06939
0.06893
0.06884
0.0703
0.07049
0.07114
0.07159
0.07021
0.06899
0.06977
0.06999
0.06969
0.0702
0.06992
0.06925
0.06916
0.0695
0.06846
0.06835
0.06856
0.06898
0.0694
0.06941
0.06883
0.06901
0.07
0.06764
0.0664
0.06405
0.0646
0.06612
0.06668
0.06667
0.06626
0.06656
0.06724
0.06738
0.06745
0.06719
0.06625
0.06567
0.06422
0.06313
0.06198
0.06245
0.06272
0.06276
0.06285
0.06275
0.06273
0.06282
0.06362
0.06465
0.06534
0.06593
0.06555
0.06558
0.06511
0.06492
0.06499
0.06532
0.06569
0.06598
0.06586
0.06621
0.06609
0.0654
0.06521
0.06489
0.06484
0.06483
0.0648
0.06475
0.06405
0.063
0.06463
0.06552
0.06586
0.06639
0.06543
0.06444
0.06484
0.06503
0.06508
0.06511
0.06535
0.06518
0.06442
0.06418
0.06389
0.06385
0.06394
0.06417
0.06466
0.0646
0.06442
0.06447
0.06484
0.0638
0.0622
0.05899
0.05803
0.05972
0.05983
0.0599
0.05963
0.0596
0.0605
0.06061
0.06083
0.06033
0.05969
0.05915
0.05802
0.05676
0.05627
0.05632
0.05632
0.05636
0.05662
0.05655
0.05643
0.05659
0.0569
0.05839
0.05904
0.05972
0.05969
0.05892
0.05878
0.05908
0.05901
0.05913
0.05948
0.05962
0.05977
0.06026
0.06016
0.05995
0.05958
0.05913
0.05908
0.05908
0.05948
0.05871
0.05781
0.0584
0.05901
0.05955
0.06028
0.06056
0.05983
0.05894
0.05897
0.05984
0.05927
0.0597
0.06027
0.05939
0.05876
0.05889
0.05864
0.0584
0.05881
0.05894
0.05901
0.0597
0.05892
0.05892
0.05961
0.05899
0.05707
0.05509
0.05501
0.05661
0.05716
0.05708
0.05699
0.05671
0.05743
0.05786
0.05801
0.05805
0.05722
0.0569
0.05617
0.05438
0.0533
0.05393
0.05415
0.05417
0.05435
0.05429
0.0542
0.05426
0.05504
0.05624
0.05673
0.05708
0.05711
0.05715
0.05727
0.05699
0.05676
0.05704
0.05746
0.05782
0.05787
0.05781
0.0582
0.05805
0.05779
0.05737
0.05727
0.05727
0.05684
0.05674
0.05675
0.0557
0.05711
0.05798
0.0583
0.05878
0.05849
0.05749
0.05735
0.05796
0.05786
0.05817
0.05829
0.05797
0.05749
0.05746
0.05726
0.05707
0.05707
0.05722
0.05755
0.05773
0.05739
0.05716
0.05769
0.05819
0.05534
0.05271
0.05073
0.05205
0.05268
0.0527
0.05256
0.05241
0.05307
0.0534
0.05358
0.05379
0.05315
0.05284
0.05199
0.05054
0.04994
0.04997
0.05011
0.05027
0.05021
0.05026
0.05026
0.05034
0.05045
0.05152
0.0525
0.05294
0.05364
0.05349
0.05271
0.0529
0.05262
0.0529
0.05331
0.05342
0.05345
0.05383
0.05387
0.05403
0.05383
0.05336
0.05302
0.05297
0.05309
0.05283
0.05243
0.05177
0.05306
0.05335
0.05388
0.05457
0.05449
0.05368
0.05306
0.05349
0.05377
0.05373
0.05389
0.05378
0.0533
0.0532
0.05302
0.05223
0.05245
0.05259
0.05289
0.05299
0.0526
0.05265
0.05337
0.05315
0.05085
0.0462
0.04504
0.04617
0.04693
0.04695
0.04674
0.04653
0.04699
0.04739
0.04749
0.04776
0.04721
0.04683
0.04648
0.045
0.04428
0.04423
0.04445
0.04441
0.04434
0.04432
0.04403
0.04427
0.04432
0.04547
0.04617
0.04664
0.04705
0.04699
0.04671
0.04643
0.04626
0.04641
0.0466
0.04693
0.04683
0.04705
0.04744
0.04763
0.04716
0.04678
0.04655
0.04648
0.04617
0.04629
0.04575
0.0448
0.04523
0.0464
0.04687
0.04739
0.04756
0.04634
0.04629
0.0468
0.04655
0.04653
0.04667
0.04666
0.04617
0.04597
0.04573
0.04536
0.04541
0.04528
0.0455
0.0457
0.04523
0.04532
0.04558
0.04587
0.04351
0.04071
0.03975
0.04086
0.04122
0.04137
0.04111
0.04074
0.04111
0.04146
0.04161
0.04177
0.04151
0.04091
0.04057
0.03959
0.03865
0.03857
0.03851
0.03857
0.03862
0.03857
0.03844
0.03845
0.03844
0.03917
0.03991
0.04025
0.04074
0.04062
0.04031
0.04023
0.04037
0.04003
0.04039
0.04053
0.04072
0.04094
0.04111
0.04102
0.04099
0.04071
0.04047
0.04033
0.04014
0.04008
0.03947
0.03905
0.03964
0.04036
0.04066
0.04099
0.04133
0.04064
0.04017
0.04056
0.04079
0.04075
0.0407
0.04074
0.04048
0.04025
0.04015
0.03984
0.03972
0.03989
0.03998
0.04024
0.04005
0.0397
0.04003
0.04029
0.03872
0.03446
0.03276
0.03415
0.03468
0.03468
0.03455
0.0342
0.03423
0.03445
0.03481
0.03498
0.03479
0.03456
0.03431
0.03295
0.03218
0.03223
0.03244
0.03252
0.03247
0.03258
0.03239
0.03246
0.03242
0.03294
0.03357
0.03403
0.03437
0.0345
0.03454
0.03458
0.03423
0.03417
0.03436
0.0347
0.03487
0.03473
0.03487
0.03515
0.03526
0.03501
0.03483
0.03454
0.03449
0.03436
0.03413
0.03364
0.03376
0.03455
0.03488
0.03525
0.0354
0.0352
0.03468
0.03488
0.03486
0.03491
0.03515
0.03528
0.03487
0.03474
0.03462
0.03427
0.03429
0.03429
0.03435
0.03451
0.0344
0.03407
0.03409
0.03465
0.03346
0.02896
0.02715
0.02764
0.0288
0.02877
0.02852
0.02834
0.02832
0.02862
0.02865
0.02889
0.02901
0.02858
0.02833
0.02781
0.02716
0.02669
0.02688
0.02696
0.02689
0.02693
0.0267
0.02664
0.02669
0.02686
0.02772
0.02808
0.0283
0.02847
0.02838
0.02838
0.02833
0.0282
0.0283
0.02838
0.02843
0.02849
0.02862
0.02882
0.02881
0.02879
0.02846
0.02829
0.02818
0.0281
0.02777
0.02722
0.02754
0.02791
0.02806
0.0287
0.0288
0.02827
0.02795
0.02797
0.02853
0.02837
0.02843
0.02849
0.02834
0.0281
0.02799
0.02761
0.02767
0.02762
0.02766
0.02774
0.02777
0.02749
0.02752
0.02804
0.02682
0.02153
0.0203
0.02073
0.02145
0.02157
0.02139
0.02119
0.02106
0.02122
0.02146
0.02138
0.02159
0.02134
0.02106
0.02082
0.02024
0.0199
0.0199
0.01997
0.01999
0.02
0.01986
0.01953
0.01981
0.01992
0.02063
0.02082
0.021
0.02124
0.0211
0.02117
0.02113
0.02113
0.02119
0.02132
0.02126
0.02147
0.02156
0.0219
0.02185
0.02172
0.02156
0.02151
0.02147
0.02128
0.02108
0.02092
0.02073
0.02085
0.02156
0.0217
0.02198
0.022
0.02157
0.02162
0.02195
0.02171
0.02197
0.02193
0.02175
0.02178
0.02171
0.02161
0.02148
0.02146
0.02153
0.02165
0.02162
0.02143
0.02143
0.02161
0.02098
0.00187
0.017428
0.017944
0.018385
0.01849
0.018449
0.018173
0.018124
0.018295
0.018419
0.018471
0.018492
0.018314
0.018161
0.017988
0.017438
0.017305
0.017249
0.017287
0.017302
0.017253
0.017201
0.017156
0.017122
0.017264
0.017582
0.01786
0.018036
0.018147
0.018111
0.018093
0.018134
0.018074
0.018076
0.018104
0.01818
0.018213
0.018298
0.018331
0.018295
0.018355
0.018241
0.018131
0.017886
0.017829
0.017763
0.017509
0.017425
0.017635
0.017922
0.018131
0.018332
0.018199
0.017983
0.017924
0.018196
0.018171
0.018082
0.018209
0.018232
0.018139
0.017957
0.017946
0.017841
0.017839
0.017918
0.017904
0.017926
0.017757
0.017764
0.01787
0.01748
0.01326
0.011995
0.012151
0.012517
0.012674
0.01264
0.012552
0.012397
0.012498
0.012547
0.012607
0.012696
0.012606
0.012526
0.012372
0.012006
0.011877
0.011912
0.01194
0.011926
0.011925
0.011872
0.011841
0.011835
0.011887
0.012134
0.012315
0.012493
0.012603
0.012574
0.012582
0.012585
0.012582
0.01258
0.012611
0.012703
0.012663
0.012646
0.012853
0.012877
0.012827
0.012771
0.012644
0.012593
0.012603
0.012442
0.012317
0.012141
0.012322
0.012528
0.012662
0.012792
0.012786
0.012611
0.012595
0.01267
0.012588
0.012769
0.012844
0.012795
0.012673
0.012648
0.01258
0.01256
0.012554
0.012514
0.012584
0.012589
0.012482
0.012366
0.012477
0.012179
0.008544
0.007321
0.00742
0.007601
0.007717
0.00773
0.007628
0.007574
0.00757
0.007649
0.007667
0.007702
0.00767
0.007634
0.007555
0.007423
0.007264
0.007247
0.007293
0.007277
0.007258
0.007232
0.007208
0.007197
0.007194
0.00732
0.007465
0.007537
0.007594
0.007621
0.007634
0.00765
0.007648
0.007637
0.007669
0.007663
0.007648
0.007687
0.007742
0.007778
0.00779
0.007747
0.007696
0.007631
0.007585
0.007534
0.007454
0.007364
0.007402
0.007538
0.007606
0.0077
0.007738
0.00764
0.007573
0.007656
0.007714
0.007711
0.0077
0.007742
0.007665
0.007618
0.007653
0.007621
0.007598
0.007616
0.007632
0.007642
0.007595
0.00755
